0 0.4957983193277311 0.3794536817102138 0.7831932773109244 0.5071258907363421
0 0.4957983193277311 0.7214964370546318 0.7865546218487396 0.1294536817102138
0 0.49411764705882355 0.82541567695962 0.7865546218487396 0.045130641330166275
1 0.1512605042016807 0.3800475059382423 0.09747899159663866 0.505938242280285
1 0.44117647058823534 0.3996437054631829 0.45210084033613446 0.4596199524940618
1 0.7798319327731092 0.4008313539192399 0.19831932773109245 0.4619952494061758
1 0.2781512605042017 0.7517814726840856 0.33109243697478996 0.06888361045130642
1 0.6697478991596639 0.753562945368171 0.4252100840336135 0.07007125890736342
1 0.15210084033613447 0.8271971496437055 0.10252100840336136 0.04156769596199525
1 0.438655462184874 0.8271971496437055 0.4470588235294118 0.043942992874109264
1 0.7798319327731092 0.82541567695962 0.20168067226890757 0.04275534441805226
