0 0.4949664429530201 0.20902612826603326 0.8691275167785235 0.2660332541567696
0 0.49916107382550334 0.6431116389548693 0.8674496644295302 0.5688836104513064
1 0.23573825503355705 0.20724465558194774 0.34060402684563756 0.26247030878859856
1 0.4773489932885906 0.21080760095011877 0.11912751677852348 0.2695961995249406
1 0.6006711409395973 0.20843230403800475 0.1174496644295302 0.2672209026128266
1 0.7315436241610738 0.21080760095011877 0.1174496644295302 0.2648456057007126
1 0.8640939597315436 0.20902612826603326 0.12080536912751677 0.26365795724465557
1 0.08640939597315436 0.20961995249406176 0.03523489932885906 0.2648456057007126
1 0.08137583892617449 0.6484560570071259 0.031879194630872486 0.5676959619952494
1 0.26174496644295303 0.6437054631828979 0.3053691275167785 0.5605700712589073
1 0.4798657718120805 0.6419239904988123 0.11409395973154363 0.5617577197149644
1 0.6023489932885906 0.6431116389548693 0.11073825503355704 0.5641330166270784
1 0.7315436241610738 0.6442992874109263 0.12080536912751677 0.5641330166270784
1 0.8657718120805369 0.6401425178147269 0.12416107382550336 0.5605700712589073
