0 0.04903677758318739 0.5189873417721519 0.08056042031523643 0.8607594936708861
0 0.12959719789842383 0.5189873417721519 0.06304728546409807 0.8607594936708861
0 0.2031523642732049 0.6265822784810127 0.06304728546409807 0.6708860759493671
0 0.3161120840630473 0.5063291139240507 0.14185639229422067 0.8354430379746836
0 0.4308231173380035 0.5063291139240507 0.06654991243432574 0.810126582278481
0 0.500875656742557 0.5063291139240507 0.06654991243432574 0.810126582278481
0 0.6085814360770578 0.5189873417721519 0.13485113835376533 0.8354430379746836
0 0.712784588441331 0.5253164556962026 0.05253940455341506 0.8481012658227848
0 0.7723292469352014 0.5253164556962026 0.05253940455341506 0.8481012658227848
0 0.8984238178633975 0.5189873417721519 0.18914185639229422 0.8354430379746836
