0 0.5637583892617449 0.09738717339667459 0.6879194630872483 0.09501187648456058
0 0.549496644295302 0.2143705463182898 0.6426174496644295 0.11045130641330167
0 0.5427852348993288 0.413895486935867 0.6459731543624161 0.12707838479809977
0 0.5369127516778524 0.6704275534441806 0.62751677852349 0.11757719714964371
1 0.3062080536912752 0.6716152019002376 0.16946308724832215 0.11282660332541568
1 0.4647651006711409 0.6704275534441806 0.1040268456375839 0.11757719714964371
1 0.5864093959731543 0.6728028503562946 0.08892617449664429 0.11995249406175773
1 0.6963087248322147 0.672209026128266 0.09060402684563758 0.12351543942992875
1 0.7978187919463087 0.672209026128266 0.09563758389261745 0.1163895486935867
1 0.3062080536912752 0.415083135391924 0.16610738255033558 0.12470308788598575
1 0.473993288590604 0.415083135391924 0.09899328859060402 0.11995249406175773
1 0.6082214765100671 0.4133016627078385 0.07550335570469799 0.12351543942992875
1 0.7214765100671141 0.41270783847981 0.06711409395973154 0.12707838479809977
1 0.8187919463087248 0.4156769596199525 0.09060402684563758 0.12114014251781473
1 0.3187919463087248 0.21140142517814728 0.16778523489932887 0.10926365795724466
1 0.48657718120805366 0.22209026128266035 0.1342281879194631 0.09501187648456058
1 0.6635906040268457 0.22387173396674584 0.12919463087248323 0.08669833729216152
1 0.8187919463087248 0.22149643705463185 0.09395973154362416 0.08907363420427554
1 0.2936241610738255 0.09738717339667459 0.13758389261744966 0.09263657957244656
1 0.5176174496644296 0.09619952494061758 0.1325503355704698 0.08788598574821853
1 0.7013422818791946 0.0997624703087886 0.12751677852348994 0.09026128266033255
1 0.8699664429530202 0.09619952494061758 0.07885906040268456 0.09026128266033255
