0 0.5008389261744967 0.2761282660332542 0.860738255033557 0.3147268408551069
0 0.48406040268456374 0.7529691211401426 0.8305369127516778 0.4608076009501188
1 0.12583892617449663 0.27315914489311166 0.10067114093959731 0.3111638954869359
1 0.41442953020134227 0.2761282660332542 0.436241610738255 0.3099762470308789
1 0.6669463087248322 0.2785035629453682 0.028523489932885907 0.3123515439429929
1 0.7483221476510067 0.2767220902612827 0.09731543624161074 0.31353919239904987
1 0.8682885906040269 0.2779097387173397 0.10570469798657718 0.3159144893111639
1 0.11996644295302013 0.753562945368171 0.07550335570469799 0.4596199524940618
1 0.348993288590604 0.751187648456057 0.35906040268456374 0.45486935866983375
1 0.6300335570469798 0.751187648456057 0.16275167785234898 0.4596199524940618
1 0.8087248322147651 0.7517814726840856 0.1610738255033557 0.4608076009501188
