0 0.49916107382550334 0.3604513064133017 0.8104026845637584 0.4144893111638955
0 0.4924496644295302 0.735748218527316 0.8070469798657718 0.2173396674584323
1 0.31040268456375836 0.3586698337292162 0.42953020134228187 0.4133016627078385
1 0.625 0.3604513064133017 0.17281879194630873 0.4121140142517815
1 0.8087248322147651 0.3616389548693587 0.174496644295302 0.40736342042755347
1 0.22399328859060402 0.7363420427553444 0.2600671140939597 0.2137767220902613
1 0.4261744966442953 0.735748218527316 0.12080536912751677 0.2173396674584323
1 0.5604026845637584 0.7351543942992874 0.12080536912751677 0.2137767220902613
1 0.6937919463087249 0.7351543942992874 0.12248322147651007 0.2137767220902613
1 0.8313758389261745 0.736935866983373 0.11912751677852348 0.2149643705463183
