0 0.5067114093959731 0.23218527315914492 0.7718120805369127 0.1983372921615202
0 0.5016778523489933 0.4673396674584323 0.7583892617449665 0.21021377672209027
0 0.5 0.741686460807601 0.7651006711409396 0.2600950118764846
1 0.39093959731543626 0.27137767220902614 0.5302013422818792 0.12470308788598575
1 0.7130872483221476 0.27078384798099764 0.09395973154362416 0.12589073634204276
1 0.8263422818791946 0.2654394299287411 0.11577181208053691 0.12232779097387174
1 0.3850671140939597 0.5112826603325415 0.5218120805369127 0.12470308788598575
1 0.7088926174496644 0.5118764845605701 0.10570469798657718 0.12351543942992875
1 0.8263422818791946 0.5124703087885986 0.10570469798657718 0.12232779097387174
1 0.3884228187919463 0.8236342042755345 0.5251677852348993 0.09144893111638955
1 0.709731543624161 0.8271971496437055 0.10067114093959731 0.09144893111638955
1 0.8263422818791946 0.824228028503563 0.12248322147651007 0.09026128266033255
