0 0.07597173144876325 0.49224806201550386 0.1330977620730271 0.9224806201550387
0 0.18197879858657243 0.5038759689922481 0.06242638398115429 0.8837209302325582
0 0.2526501766784452 0.49612403100775193 0.06242638398115429 0.8837209302325582
0 0.32567726737338043 0.49612403100775193 0.06242638398115429 0.8837209302325582
0 0.3939929328621908 0.5038759689922481 0.06242638398115429 0.8837209302325582
0 0.46230859835100113 0.5193798449612403 0.06242638398115429 0.8837209302325582
0 0.5341578327444051 0.5193798449612403 0.06242638398115429 0.8837209302325582
0 0.6036513545347467 0.5038759689922481 0.06242638398115429 0.8837209302325582
0 0.6743227326266195 0.49612403100775193 0.06242638398115429 0.8837209302325582
0 0.7461719670200235 0.5038759689922481 0.06242638398115429 0.8837209302325582
0 0.8168433451118963 0.5193798449612403 0.06242638398115429 0.8837209302325582
0 0.8863368669022379 0.5038759689922481 0.06242638398115429 0.8837209302325582
0 0.9558303886925794 0.5038759689922481 0.06242638398115429 0.8837209302325582
