0 0.5327181208053691 0.2298099762470309 0.7835570469798657 0.2648456057007126
0 0.5226510067114094 0.4786223277909739 0.7600671140939597 0.08788598574821853
0 0.5218120805369127 0.6431116389548693 0.761744966442953 0.13657957244655583
1 0.1820469798657718 0.2298099762470309 0.07550335570469799 0.2600950118764846
1 0.33557046979865773 0.2292161520190024 0.21140939597315436 0.2612826603325416
1 0.5192953020134228 0.22862232779097388 0.13590604026845637 0.2600950118764846
1 0.6677852348993288 0.2298099762470309 0.1342281879194631 0.25771971496437057
1 0.8305369127516778 0.22802850356294538 0.17114093959731544 0.25653206650831356
1 0.1837248322147651 0.4792161520190024 0.0721476510067114 0.0819477434679335
1 0.375 0.4792161520190024 0.27013422818791943 0.0819477434679335
1 0.6140939597315436 0.4798099762470309 0.174496644295302 0.08551068883610452
1 0.8087248322147651 0.48099762470308793 0.17114093959731544 0.08076009501187649
1 0.18288590604026844 0.6454869358669834 0.07046979865771812 0.1342042755344418
1 0.36661073825503354 0.6413301662707839 0.2835570469798658 0.13776722090261284
1 0.5931208053691275 0.6431116389548693 0.13590604026845637 0.13182897862232779
1 0.7835570469798657 0.6442992874109263 0.22147651006711408 0.1342042755344418
