0 0.49580536912751677 0.7975059382422803 0.796979865771812 0.2458432304038005
1 0.19630872483221476 0.7624703087885986 0.174496644295302 0.17339667458432304
1 0.33640939597315433 0.7654394299287411 0.0721476510067114 0.17220902612826605
1 0.4110738255033557 0.7618764845605701 0.04697986577181208 0.17220902612826605
1 0.48825503355704697 0.7630641330166271 0.08053691275167785 0.16983372921615203
1 0.5637583892617449 0.7618764845605701 0.050335570469798654 0.17458432304038005
1 0.6333892617449665 0.7642517814726841 0.06543624161073826 0.16983372921615203
1 0.7156040268456376 0.7660332541567696 0.0587248322147651 0.17102137767220904
1 0.7902684563758389 0.7660332541567696 0.050335570469798654 0.17102137767220904
1 0.8615771812080537 0.7660332541567696 0.04865771812080537 0.17102137767220904
1 0.19714765100671142 0.8966745843230404 0.1929530201342282 0.04275534441805226
1 0.34060402684563756 0.8978622327790974 0.0436241610738255 0.045130641330166275
1 0.4161073825503356 0.8960807600950119 0.040268456375838924 0.04156769596199525
1 0.50251677852349 0.8984560570071259 0.05201342281879195 0.04156769596199525
1 0.5746644295302014 0.8960807600950119 0.04865771812080537 0.04631828978622328
1 0.6476510067114094 0.8960807600950119 0.04697986577181208 0.043942992874109264
1 0.7223154362416108 0.8966745843230404 0.05201342281879195 0.040380047505938245
1 0.7936241610738255 0.8954869358669834 0.050335570469798654 0.04750593824228029
1 0.8691275167785235 0.8972684085510689 0.040268456375838924 0.04156769596199525
