0 0.49580536912751677 0.3978622327790974 0.8070469798657718 0.5961995249406176
0 0.4983221476510067 0.8188836104513064 0.8120805369127516 0.13895486935866985
1 0.1988255033557047 0.3984560570071259 0.19966442953020133 0.5926365795724465
1 0.4035234899328859 0.3990498812351544 0.17281879194630873 0.5961995249406176
1 0.5973154362416108 0.3978622327790974 0.18456375838926173 0.5938242280285035
1 0.7978187919463087 0.3972684085510689 0.1761744966442953 0.5950118764845606
1 0.2030201342281879 0.818289786223278 0.19798657718120805 0.13539192399049882
1 0.40687919463087246 0.819477434679335 0.16946308724832215 0.1330166270783848
1 0.5998322147651006 0.819477434679335 0.17281879194630873 0.13539192399049882
1 0.8062080536912751 0.820665083135392 0.18624161073825504 0.1330166270783848
