0 0.04758190327613104 0.49137931034482757 0.08268330733229329 0.896551724137931
0 0.6365054602184088 0.47413793103448276 0.1435257410296412 0.896551724137931
0 0.7831513260530422 0.603448275862069 0.12792511700468018 0.7241379310344828
0 0.1294851794071763 0.4870689655172414 0.062402496099843996 0.8879310344827586
0 0.20982839313572543 0.49137931034482757 0.08268330733229329 0.896551724137931
0 0.2823712948517941 0.5 0.046801872074883 0.9137931034482758
0 0.359594383775351 0.5 0.08892355694227769 0.9137931034482758
0 0.44773790951638065 0.48275862068965514 0.062402496099843996 0.9137931034482758
0 0.5195007800312013 0.48275862068965514 0.0655226209048362 0.9137931034482758
0 0.5858034321372855 0.49137931034482757 0.0483619344773791 0.9310344827586207
0 0.6653666146645866 0.4870689655172414 0.0920436817472699 0.9224137931034483
0 0.7480499219968799 0.49137931034482757 0.0514820592823713 0.896551724137931
0 0.8127925117004681 0.4956896551724138 0.0655226209048362 0.9051724137931034
0 0.8806552262090483 0.4870689655172414 0.0514820592823713 0.8879310344827586
0 0.951638065522621 0.49137931034482757 0.0748829953198128 0.896551724137931
