0 0.44043624161073824 0.12410926365795726 0.7634228187919463 0.16983372921615203
0 0.44798657718120805 0.5866983372921616 0.7718120805369127 0.6912114014251782
1 0.10822147651006711 0.12292161520190024 0.07885906040268456 0.17458432304038005
1 0.22399328859060402 0.12292161520190024 0.0721476510067114 0.16983372921615203
1 0.33305369127516776 0.12351543942992875 0.1023489932885906 0.16864608076009502
1 0.537751677852349 0.12351543942992875 0.09563758389261745 0.16864608076009502
1 0.11073825503355704 0.584916864608076 0.07718120805369127 0.6852731591448932
1 0.23909395973154363 0.5896674584323041 0.08557046979865772 0.6876484560570072
1 0.41191275167785235 0.58729216152019 0.2030201342281879 0.6900237529691212
1 0.6434563758389261 0.5878859857482186 0.2063758389261745 0.6888361045130642
