0 0.49916107382550334 0.26306413301662707 0.8104026845637584 0.3954869358669834
0 0.5 0.735748218527316 0.8120805369127516 0.30760095011876487
1 0.10318791946308725 0.26306413301662707 0.02181208053691275 0.3954869358669834
1 0.2651006711409396 0.2648456057007126 0.2651006711409396 0.3942992874109264
1 0.4924496644295302 0.2648456057007126 0.16275167785234898 0.3966745843230404
1 0.6585570469798657 0.2654394299287411 0.13590604026845637 0.3954869358669834
1 0.8187919463087248 0.26365795724465557 0.15100671140939598 0.3919239904988124
1 0.10654362416107382 0.7363420427553444 0.02181208053691275 0.30641330166270786
1 0.21728187919463088 0.734560570071259 0.16946308724832215 0.30760095011876487
1 0.4001677852348993 0.7375296912114014 0.16610738255033558 0.30641330166270786
1 0.5864093959731543 0.735748218527316 0.17281879194630873 0.30522565320665085
1 0.7894295302013422 0.736935866983373 0.20973154362416108 0.30522565320665085
