0 0.02851182197496523 0.4891304347826087 0.02920723226703755 0.9347826086956522
0 0.21001390820584143 0.4891304347826087 0.3226703755215577 0.9202898550724637
0 0.6828929068150208 0.5344202898550725 0.6036161335187761 0.8297101449275363
0 0.42072322670375517 0.4855072463768116 0.08484005563282336 0.8985507246376812
0 0.502086230876217 0.48731884057971014 0.07232267037552155 0.9021739130434783
0 0.5757997218358831 0.4855072463768116 0.06954102920723226 0.9057971014492754
0 0.6509040333796939 0.4891304347826087 0.06954102920723226 0.9057971014492754
0 0.7246175243393602 0.4891304347826087 0.06954102920723226 0.9057971014492754
0 0.8011126564673157 0.4891304347826087 0.06954102920723226 0.9057971014492754
0 0.8748261474269818 0.4891304347826087 0.06954102920723226 0.9057971014492754
0 0.9499304589707928 0.4963768115942029 0.06954102920723226 0.9057971014492754
