0 0.5402684563758389 0.4180522565320665 0.87248322147651 0.12826603325415678
0 0.49580536912751677 0.8224465558194775 0.75 0.1152019002375297
1 0.1493288590604027 0.418646080760095 0.08389261744966443 0.12707838479809977
1 0.24161073825503354 0.4180522565320665 0.08389261744966443 0.1306413301662708
1 0.33808724832214765 0.4168646080760095 0.08892617449664429 0.12589073634204276
1 0.43456375838926176 0.41983372921615203 0.08389261744966443 0.1294536817102138
1 0.5293624161073825 0.4180522565320665 0.08557046979865772 0.12826603325415678
1 0.6266778523489933 0.4192399049881235 0.08557046979865772 0.12589073634204276
1 0.7214765100671141 0.4180522565320665 0.08053691275167785 0.12589073634204276
1 0.8145973154362416 0.418646080760095 0.08557046979865772 0.12707838479809977
1 0.9203020134228188 0.4180522565320665 0.09899328859060402 0.12589073634204276
1 0.31543624161073824 0.824228028503563 0.3859060402684564 0.11163895486935868
1 0.6937919463087249 0.821852731591449 0.337248322147651 0.1163895486935867
