0 0.5159395973154363 0.38954869358669836 0.8473154362416108 0.2470308788598575
0 0.5159395973154363 0.6763657957244655 0.8439597315436241 0.2458432304038005
1 0.1266778523489933 0.38776722090261284 0.04865771812080537 0.24346793349168647
1 0.2609060402684564 0.39014251781472686 0.18624161073825504 0.24346793349168647
1 0.6031879194630873 0.38954869358669836 0.46140939597315433 0.24465558194774348
1 0.8901006711409396 0.39073634204275537 0.07885906040268456 0.2470308788598575
1 0.13171140939597314 0.6769596199524941 0.06208053691275168 0.24228028503562946
1 0.27181208053691275 0.6763657957244655 0.18456375838926173 0.24109263657957244
1 0.6082214765100671 0.6751781472684086 0.44798657718120805 0.24346793349168647
1 0.8934563758389261 0.6775534441805225 0.08221476510067113 0.23871733966745845
