0 0.0700280112044818 0.5016077170418006 0.12605042016806722 0.9710610932475884
0 0.18137254901960784 0.5016077170418006 0.07983193277310924 0.9710610932475884
0 0.2668067226890756 0.5016077170418006 0.07983193277310924 0.9710610932475884
0 0.3550420168067227 0.5 0.07983193277310924 0.9678456591639871
0 0.4418767507002801 0.4967845659163987 0.07983193277310924 0.9614147909967845
0 0.5273109243697479 0.4967845659163987 0.07983193277310924 0.9678456591639871
0 0.6127450980392157 0.4967845659163987 0.07983193277310924 0.9678456591639871
0 0.6967787114845938 0.5 0.07142857142857142 0.9742765273311897
0 0.7773109243697479 0.5016077170418006 0.07563025210084033 0.977491961414791
0 0.8641456582633054 0.4983922829581994 0.07563025210084033 0.9710610932475884
0 0.9481792717086834 0.4983922829581994 0.07563025210084033 0.9710610932475884
