0 0.1266816143497758 0.49386503067484666 0.23094170403587444 0.9509202453987731
0 0.36771300448430494 0.4846625766871166 0.22869955156950672 0.9325153374233129
0 0.5818385650224215 0.49386503067484666 0.1771300448430493 0.9386503067484663
0 0.695067264573991 0.49693251533742333 0.03587443946188341 0.9570552147239264
0 0.7399103139013453 0.5 0.03139013452914798 0.9631901840490797
0 0.7858744394618834 0.49693251533742333 0.03811659192825112 0.9570552147239264
0 0.8307174887892377 0.49693251533742333 0.033632286995515695 0.9570552147239264
0 0.874439461883408 0.49386503067484666 0.03587443946188341 0.9509202453987731
0 0.9181614349775785 0.49386503067484666 0.033632286995515695 0.9509202453987731
0 0.9641255605381166 0.49693251533742333 0.03587443946188341 0.9570552147239264
