0 0.0487551867219917 0.5 0.08506224066390042 0.9302325581395349
0 0.14522821576763487 0.5058139534883721 0.0912863070539419 0.9418604651162791
0 0.24481327800829875 0.5 0.0912863070539419 0.9302325581395349
0 0.34439834024896265 0.4941860465116279 0.0912863070539419 0.9186046511627907
0 0.44398340248962653 0.5 0.0912863070539419 0.9302325581395349
0 0.5456431535269709 0.5 0.0912863070539419 0.9302325581395349
0 0.6452282157676349 0.5058139534883721 0.0912863070539419 0.9418604651162791
0 0.7468879668049793 0.4941860465116279 0.0912863070539419 0.9186046511627907
0 0.8443983402489627 0.4941860465116279 0.0912863070539419 0.9186046511627907
0 0.946058091286307 0.4883720930232558 0.0912863070539419 0.9069767441860465
