0 0.48794934640522875 0.45012626262626265 0.826388888888889 0.34090909090909094
0 0.48651960784313725 0.7869318181818182 0.821078431372549 0.24810606060606064
1 0.23815359477124184 0.4660669191919192 0.3186274509803922 0.3071338383838384
1 0.516748366013072 0.46590909090909094 0.18382352941176472 0.30934343434343436
1 0.6460375816993464 0.46385732323232326 0.05841503267973856 0.3071338383838384
1 0.7453022875816994 0.46764520202020204 0.10743464052287582 0.3083964646464647
1 0.8529411764705883 0.46701388888888895 0.08823529411764706 0.305239898989899
1 0.19526143790849673 0.7553661616161617 0.23284313725490197 0.14330808080808083
1 0.4575163398692811 0.7558396464646465 0.10620915032679738 0.1335227272727273
1 0.5725081699346405 0.7542613636363636 0.11315359477124183 0.14299242424242425
1 0.6638071895424836 0.7559974747474748 0.05310457516339869 0.14204545454545456
1 0.7406045751633987 0.7542613636363636 0.07352941176470588 0.13667929292929293
1 0.8400735294117647 0.7537878787878789 0.10334967320261439 0.13762626262626262
1 0.23141339869281047 0.8762626262626263 0.30514705882352944 0.06944444444444445
1 0.5151143790849674 0.8784722222222223 0.18382352941176472 0.06313131313131314
1 0.6513480392156863 0.8784722222222223 0.06658496732026144 0.06313131313131314
1 0.7324346405228759 0.8800505050505051 0.08415032679738563 0.0643939393939394
1 0.8421160130718954 0.8773674242424243 0.11315359477124183 0.0653409090909091
