0 0.5008389261744967 0.2292161520190024 0.8104026845637584 0.07838479809976247
0 0.4983221476510067 0.415083135391924 0.8120805369127516 0.167458432304038
0 0.5008389261744967 0.657957244655582 0.8070469798657718 0.15914489311163896
1 0.18791946308724833 0.2298099762470309 0.17785234899328858 0.07957244655581948
1 0.3347315436241611 0.2309976247030879 0.09563758389261745 0.07482185273159145
1 0.45050335570469796 0.2315914489311164 0.11241610738255034 0.07600950118764846
1 0.5771812080536912 0.2298099762470309 0.11409395973154363 0.07244655581947744
1 0.7080536912751678 0.2309976247030879 0.1174496644295302 0.07719714964370547
1 0.8389261744966443 0.2298099762470309 0.11409395973154363 0.07244655581947744
1 0.3028523489932886 0.417458432304038 0.424496644295302 0.16508313539192399
1 0.5679530201342282 0.4144893111638955 0.08221476510067113 0.163895486935867
1 0.662751677852349 0.415083135391924 0.08053691275167785 0.167458432304038
1 0.7583892617449665 0.4144893111638955 0.087248322147651 0.166270783847981
1 0.8531879194630873 0.416270783847981 0.08557046979865772 0.16033254156769597
1 0.2063758389261745 0.6597387173396675 0.21140939597315436 0.15558194774346795
1 0.3884228187919463 0.6591448931116389 0.12919463087248323 0.15439429928741094
1 0.5041946308724832 0.6597387173396675 0.07885906040268456 0.15558194774346795
1 0.5973154362416108 0.6597387173396675 0.08053691275167785 0.15795724465558195
1 0.6887583892617449 0.6573634204275535 0.07885906040268456 0.15558194774346795
1 0.7726510067114094 0.6597387173396675 0.08221476510067113 0.15795724465558195
1 0.8615771812080537 0.6585510688836105 0.07885906040268456 0.15795724465558195
