0 0.4949664429530201 0.7375296912114014 0.8120805369127516 0.22327790973871736
0 0.49916107382550334 0.3586698337292162 0.8036912751677853 0.4133016627078385
1 0.3162751677852349 0.3586698337292162 0.4211409395973154 0.4085510688836105
1 0.62751677852349 0.3598574821852732 0.16778523489932887 0.4085510688836105
1 0.8104026845637584 0.3586698337292162 0.16442953020134227 0.40617577197149646
1 0.2256711409395973 0.7363420427553444 0.25671140939597314 0.2161520190023753
1 0.4261744966442953 0.7375296912114014 0.1174496644295302 0.20902612826603326
1 0.5604026845637584 0.736935866983373 0.12080536912751677 0.21971496437054633
1 0.6971476510067114 0.7375296912114014 0.11577181208053691 0.2137767220902613
1 0.8322147651006712 0.73812351543943 0.12416107382550336 0.2125890736342043
