0 0.07429501084598698 0.5007072135785007 0.1420824295010846 0.992927864214993
0 0.2532537960954447 0.4985855728429986 0.20281995661605207 0.9886845827439887
0 0.37960954446854667 0.5 0.0455531453362256 0.9915134370579916
0 0.4284164859002169 0.4978783592644979 0.0455531453362256 0.9872701555869873
0 0.4772234273318872 0.4971711456859972 0.039045553145336226 0.9858557284299859
0 0.5216919739696313 0.4971711456859972 0.0455531453362256 0.9858557284299859
0 0.56941431670282 0.4992927864214993 0.0455531453362256 0.9900990099009901
0 0.6203904555314533 0.4971711456859972 0.0455531453362256 0.9858557284299859
0 0.6648590021691975 0.4985855728429986 0.04121475054229935 0.9886845827439887
0 0.7114967462039046 0.4985855728429986 0.039045553145336226 0.9886845827439887
0 0.754880694143167 0.4985855728429986 0.039045553145336226 0.9886845827439887
0 0.7993492407809111 0.4985855728429986 0.039045553145336226 0.9886845827439887
0 0.8405639913232105 0.4985855728429986 0.039045553145336226 0.9886845827439887
0 0.8893709327548808 0.4964639321074965 0.039045553145336226 0.9844413012729845
0 0.9349240780911063 0.4992927864214993 0.039045553145336226 0.9900990099009901
0 0.9783080260303688 0.4985855728429986 0.039045553145336226 0.9886845827439887
