0 0.09090909090909091 0.49676724137931033 0.17607655502392344 0.9806034482758621
0 0.215311004784689 0.5 0.06124401913875598 0.9870689655172413
0 0.28516746411483257 0.5010775862068966 0.06124401913875598 0.9892241379310345
0 0.3588516746411483 0.5 0.06124401913875598 0.9870689655172413
0 0.4349282296650718 0.4978448275862069 0.0736842105263158 0.9827586206896551
0 0.5124401913875598 0.5290948275862069 0.0736842105263158 0.9331896551724138
0 0.5909090909090909 0.5010775862068966 0.0736842105263158 0.9892241379310345
0 0.6679425837320574 0.5010775862068966 0.0708133971291866 0.9892241379310345
0 0.7354066985645933 0.5010775862068966 0.056459330143540674 0.9892241379310345
0 0.7995215311004785 0.5 0.056459330143540674 0.9870689655172413
0 0.8755980861244019 0.4978448275862069 0.07655502392344497 0.9827586206896551
0 0.9598086124401914 0.5010775862068966 0.07655502392344497 0.9892241379310345
