0 0.06268436578171091 0.4956140350877193 0.11061946902654868 0.9780701754385964
0 0.1592920353982301 0.5010964912280701 0.06489675516224189 0.9802631578947368
0 0.2345132743362832 0.4956140350877193 0.06489675516224189 0.9780701754385964
0 0.31563421828908556 0.4989035087719298 0.06489675516224189 0.9802631578947368
0 0.3952802359882006 0.5010964912280701 0.06489675516224189 0.9802631578947368
0 0.47787610619469023 0.4989035087719298 0.06489675516224189 0.9802631578947368
0 0.556047197640118 0.49671052631578944 0.06489675516224189 0.9802631578947368
0 0.6386430678466076 0.49671052631578944 0.06489675516224189 0.9802631578947368
0 0.7109144542772862 0.5032894736842105 0.06489675516224189 0.9802631578947368
0 0.7876106194690266 0.5010964912280701 0.06489675516224189 0.9802631578947368
0 0.8716814159292036 0.49671052631578944 0.06489675516224189 0.9802631578947368
0 0.9572271386430679 0.5010964912280701 0.06489675516224189 0.9802631578947368
