0 0.050104384133611686 0.4885057471264368 0.08768267223382045 0.9080459770114943
0 0.14822546972860123 0.4942528735632184 0.08768267223382045 0.9195402298850575
0 0.2463465553235908 0.4885057471264368 0.08768267223382045 0.9080459770114943
0 0.3402922755741127 0.4885057471264368 0.08768267223382045 0.9080459770114943
0 0.43632567849686843 0.4885057471264368 0.08768267223382045 0.9080459770114943
0 0.5427974947807933 0.4885057471264368 0.08768267223382045 0.9080459770114943
0 0.6492693110647181 0.4885057471264368 0.08768267223382045 0.9080459770114943
0 0.7453027139874738 0.4885057471264368 0.08768267223382045 0.9080459770114943
0 0.8392484342379958 0.4942528735632184 0.08768267223382045 0.9195402298850575
0 0.9415448851774529 0.4942528735632184 0.08768267223382045 0.9195402298850575
