0 0.3263422818791946 0.20783847980997625 0.4077181208053691 0.14014251781472684
0 0.44295302013422816 0.4192399049881235 0.6510067114093959 0.1330166270783848
0 0.424496644295302 0.6852731591448932 0.610738255033557 0.2470308788598575
1 0.17953020134228187 0.20486935866983375 0.1040268456375839 0.13657957244655583
1 0.38003355704697983 0.20665083135391926 0.27684563758389263 0.14014251781472684
1 0.1686241610738255 0.41983372921615203 0.09899328859060402 0.1294536817102138
1 0.2802013422818792 0.4192399049881235 0.1040268456375839 0.1306413301662708
1 0.4001677852348993 0.4192399049881235 0.1023489932885906 0.12826603325415678
1 0.6149328859060402 0.4180522565320665 0.2936241610738255 0.12826603325415678
1 0.31543624161073824 0.6834916864608076 0.37919463087248323 0.24109263657957244
1 0.6216442953020134 0.6876484560570072 0.19966442953020133 0.23990498812351546
