0 0.5067114093959731 0.2666270783847981 0.8288590604026845 0.40736342042755347
0 0.5075503355704698 0.7399049881235155 0.8473154362416108 0.24228028503562946
1 0.13590604026845637 0.2690023752969121 0.087248322147651 0.4026128266033254
1 0.5016778523489933 0.2678147268408551 0.6208053691275167 0.4026128266033254
1 0.8699664429530202 0.27019002375296913 0.08221476510067113 0.3978622327790974
1 0.13674496644295303 0.7422802850356295 0.08892617449664429 0.24465558194774348
1 0.27348993288590606 0.740498812351544 0.14093959731543623 0.23634204275534443
1 0.4001677852348993 0.7387173396674585 0.09228187919463086 0.23752969121140144
1 0.5041946308724832 0.739311163895487 0.08221476510067113 0.23634204275534443
1 0.5981543624161074 0.7410926365795725 0.07885906040268456 0.23515439429928742
1 0.6963087248322147 0.740498812351544 0.08389261744966443 0.23871733966745845
1 0.7961409395973155 0.739311163895487 0.07550335570469799 0.23634204275534443
1 0.8850671140939597 0.739311163895487 0.07885906040268456 0.23634204275534443
