0 0.7228349673202614 0.2861426767676768 0.42197712418300654 0.33049242424242425
0 0.48794934640522875 0.5980113636363636 0.9056372549019608 0.26420454545454547
1 0.5996732026143791 0.284564393939394 0.17320261437908496 0.3210227272727273
1 0.8120915032679739 0.28551136363636365 0.23284313725490197 0.3229166666666667
1 0.08496732026143791 0.5964330808080809 0.08823529411764706 0.2547348484848485
1 0.20404411764705882 0.5986426767676768 0.1360294117647059 0.2566287878787879
1 0.36683006535947715 0.5991161616161617 0.17565359477124184 0.2575757575757576
1 0.5008169934640523 0.5991161616161617 0.08169934640522876 0.2575757575757576
1 0.5778186274509804 0.5991161616161617 0.05841503267973856 0.2556818181818182
1 0.6617647058823529 0.597064393939394 0.09803921568627451 0.25347222222222227
1 0.7679738562091504 0.5986426767676768 0.10620915032679738 0.2547348484848485
1 0.8801062091503268 0.5975378787878788 0.10743464052287582 0.25441919191919193
