0 0.4978730366492147 0.4412020905923345 0.9957460732984293 0.19773519163763068
0 0.8358965968586388 0.07164634146341463 0.3066099476439791 0.0509581881533101
1 0.7318390052356022 0.07229965156794425 0.0893324607329843 0.04355400696864112
1 0.8314790575916231 0.06946864111498258 0.0948952879581152 0.04921602787456446
1 0.9352094240837697 0.07317073170731707 0.0968586387434555 0.050522648083623695
1 0.03861256544502618 0.43902439024390244 0.068717277486911 0.1986062717770035
1 0.1024214659685864 0.44185540069686413 0.05039267015706807 0.20165505226480837
1 0.15592277486910996 0.4412020905923345 0.05006544502617801 0.20034843205574912
1 0.19944371727748691 0.44185540069686413 0.023887434554973823 0.1990418118466899
1 0.24149214659685866 0.4405487804878049 0.04712041884816754 0.20165505226480837
1 0.31397251308900526 0.43967770034843207 0.08278795811518325 0.19729965156794424
1 0.5425392670157069 0.43902439024390244 0.3455497382198953 0.19337979094076654
1 0.8147905759162304 0.4412020905923345 0.09162303664921466 0.19773519163763068
1 0.9100130890052357 0.43967770034843207 0.055628272251308904 0.19729965156794424
1 0.9734947643979058 0.44642857142857145 0.04253926701570681 0.19599303135888502
1 0.6909358638743456 0.8708623693379791 0.08409685863874346 0.14503484320557491
1 0.8125 0.8702090592334495 0.07198952879581152 0.14982578397212543
1 0.9129581151832461 0.8658536585365854 0.05235602094240838 0.14982578397212543
1 0.9798756544502618 0.8667247386759582 0.03174083769633508 0.1480836236933798
