0 0.49916107382550334 0.30403800475059384 0.8204697986577181 0.2137767220902613
0 0.49916107382550334 0.567102137767221 0.8942953020134228 0.18171021377672208
1 0.174496644295302 0.3022565320665083 0.15771812080536912 0.2125890736342043
1 0.5838926174496644 0.30403800475059384 0.6375838926174496 0.21140142517814728
1 0.11073825503355704 0.565914489311164 0.1040268456375839 0.18171021377672208
1 0.2105704697986577 0.565914489311164 0.06879194630872483 0.1793349168646081
1 0.2986577181208054 0.5665083135391924 0.087248322147651 0.1805225653206651
1 0.3959731543624161 0.565914489311164 0.08389261744966443 0.1793349168646081
1 0.4966442953020134 0.5665083135391924 0.09060402684563758 0.1805225653206651
1 0.6526845637583892 0.5665083135391924 0.1912751677852349 0.1805225653206651
1 0.8498322147651006 0.5665083135391924 0.1761744966442953 0.1805225653206651
