0 0.06348246674727932 0.47698744769874474 0.09068923821039902 0.8953974895397488
0 0.15538089480048367 0.4748953974895397 0.07617896009673518 0.899581589958159
0 0.2321644498186215 0.47907949790794974 0.06287787182587666 0.8828451882845187
0 0.30713422007255137 0.47907949790794974 0.0773881499395405 0.8912133891213389
0 0.3917775090689238 0.47907949790794974 0.0773881499395405 0.8912133891213389
0 0.47642079806529625 0.4832635983263598 0.0773881499395405 0.8912133891213389
0 0.5634824667472793 0.48744769874476984 0.0773881499395405 0.8912133891213389
0 0.6565900846432889 0.4748953974895397 0.0773881499395405 0.8912133891213389
0 0.7484885126964933 0.4832635983263598 0.0773881499395405 0.8912133891213389
0 0.8440145102781136 0.47907949790794974 0.0773881499395405 0.8912133891213389
0 0.9347037484885127 0.4832635983263598 0.0773881499395405 0.8912133891213389
