0 0.5276845637583892 0.18705463182897863 0.8104026845637584 0.21971496437054633
0 0.5226510067114094 0.5285035629453682 0.8137583892617449 0.32066508313539194
1 0.20973154362416108 0.18824228028503565 0.15436241610738255 0.2125890736342043
1 0.3565436241610738 0.18646080760095013 0.12583892617449663 0.2161520190023753
1 0.5067114093959731 0.18705463182897863 0.16442953020134227 0.2173396674584323
1 0.6543624161073825 0.18705463182897863 0.09731543624161074 0.2173396674584323
1 0.8187919463087248 0.18764845605700714 0.2046979865771812 0.2137767220902613
1 0.20553691275167785 0.5296912114014252 0.1593959731543624 0.3159144893111639
1 0.3598993288590604 0.5308788598574822 0.12248322147651007 0.3159144893111639
1 0.5058724832214765 0.5279097387173397 0.13926174496644295 0.3171021377672209
1 0.6468120805369127 0.5290973871733967 0.10906040268456375 0.3147268408551069
1 0.8162751677852349 0.5273159144893111 0.19630872483221476 0.3159144893111639
