0 0.5327181208053691 0.3764845605700713 0.7802013422818792 0.5249406175771971
0 0.5209731543624161 0.7779097387173397 0.7533557046979865 0.22090261282660334
1 0.2030201342281879 0.37351543942992876 0.11409395973154363 0.5166270783847982
1 0.3313758389261745 0.3764845605700713 0.12583892617449663 0.5178147268408552
1 0.4639261744966443 0.3770783847980998 0.11241610738255034 0.5190023752969122
1 0.5906040268456376 0.3747030878859858 0.11073825503355704 0.5213776722090262
1 0.7172818791946308 0.3764845605700713 0.12248322147651007 0.5154394299287411
1 0.8523489932885906 0.3788598574821853 0.12751677852348994 0.5225653206650832
1 0.21644295302013422 0.7767220902612827 0.1442953020134228 0.2161520190023753
1 0.3733221476510067 0.7790973871733967 0.13926174496644295 0.2137767220902613
1 0.5209731543624161 0.7785035629453682 0.12583892617449663 0.21021377672209027
1 0.662751677852349 0.7790973871733967 0.13758389261744966 0.22090261282660334
1 0.8154362416107382 0.7779097387173397 0.1476510067114094 0.21140142517814728
