0 0.49959150326797386 0.5228851010101011 0.852124183006536 0.17455808080808083
0 0.792279411764706 0.8784722222222223 0.2667483660130719 0.08396464646464648
0 0.49693627450980393 0.3817866161616162 0.854983660130719 0.09059343434343435
1 0.125 0.3828914141414142 0.10620915032679738 0.08207070707070707
1 0.340890522875817 0.3813131313131313 0.15400326797385622 0.08333333333333334
1 0.6787173202614379 0.3817866161616162 0.10498366013071896 0.07986111111111112
1 0.8678513071895425 0.3819444444444445 0.10498366013071896 0.08207070707070707
1 0.19035947712418302 0.5233585858585859 0.22058823529411764 0.16540404040404041
1 0.35661764705882354 0.5233585858585859 0.07598039215686275 0.16540404040404041
1 0.44240196078431376 0.522253787878788 0.06535947712418301 0.16319444444444445
1 0.5153186274509804 0.52114898989899 0.05024509803921569 0.1609848484848485
1 0.5798611111111112 0.522253787878788 0.054330065359477125 0.16508838383838384
1 0.6399101307189543 0.5238320707070707 0.04616013071895425 0.1663510101010101
1 0.721609477124183 0.5238320707070707 0.0763888888888889 0.1682449494949495
1 0.8018790849673203 0.5238320707070707 0.057189542483660136 0.1682449494949495
1 0.8803104575163399 0.5228851010101011 0.07761437908496732 0.1682449494949495
1 0.71875 0.8753156565656567 0.1090686274509804 0.07575757575757576
1 0.8856209150326798 0.8773674242424243 0.06699346405228758 0.07165404040404041
