0 0.5 0.2761282660332542 0.6812080536912751 0.35510688836104515
0 0.49580536912751677 0.7030878859857482 0.6694630872483222 0.42042755344418054
1 0.20553691275167785 0.27434679334916867 0.07885906040268456 0.3515439429928741
1 0.30033557046979864 0.27375296912114017 0.06711409395973154 0.3479809976247031
1 0.37667785234899326 0.2761282660332542 0.05536912751677852 0.35510688836104515
1 0.5075503355704698 0.2761282660332542 0.17281879194630873 0.35510688836104515
1 0.7172818791946308 0.2767220902612827 0.21644295302013422 0.35629453681710216
1 0.20973154362416108 0.7024940617577198 0.08389261744966443 0.4097387173396675
1 0.30453020134228187 0.7060570071258908 0.06879194630872483 0.4168646080760095
1 0.3825503355704698 0.7042755344418052 0.05704697986577181 0.4156769596199525
1 0.5092281879194631 0.7030878859857482 0.17281879194630873 0.4156769596199525
1 0.7164429530201342 0.7042755344418052 0.2046979865771812 0.4133016627078385
