0 0.4907718120805369 0.24524940617577198 0.7634228187919463 0.15320665083135393
0 0.4924496644295302 0.7565320665083136 0.7734899328859061 0.2161520190023753
1 0.1593959731543624 0.25653206650831356 0.09395973154362416 0.13539192399049882
1 0.2550335570469799 0.25534441805225655 0.060402684563758385 0.1306413301662708
1 0.3296979865771812 0.25534441805225655 0.06543624161073826 0.13539192399049882
1 0.40687919463087246 0.25415676959619954 0.06879194630872483 0.1330166270783848
1 0.4756711409395973 0.25593824228028506 0.05536912751677852 0.13657957244655583
1 0.5469798657718121 0.25415676959619954 0.06375838926174497 0.12826603325415678
1 0.6199664429530202 0.25475059382422804 0.0587248322147651 0.1294536817102138
1 0.6904362416107382 0.25475059382422804 0.06208053691275168 0.13182897862232779
1 0.7634228187919463 0.25356294536817103 0.060402684563758385 0.13657957244655583
1 0.8389261744966443 0.25534441805225655 0.06375838926174497 0.1330166270783848
1 0.1476510067114094 0.7577197149643706 0.07046979865771812 0.18527315914489312
1 0.25838926174496646 0.7583135391923991 0.13087248322147652 0.18883610451306415
1 0.412751677852349 0.7630641330166271 0.15436241610738255 0.19121140142517815
1 0.5947986577181208 0.7624703087885986 0.18624161073825504 0.19002375296912116
1 0.7894295302013422 0.7636579572446556 0.17281879194630873 0.18764845605700714
