0 0.07692307692307693 0.49715909090909094 0.14760914760914762 0.9857954545454546
0 0.26143451143451146 0.49644886363636365 0.20893970893970895 0.984375
0 0.3908523908523909 0.49857954545454547 0.04365904365904366 0.9886363636363636
0 0.4386694386694387 0.49715909090909094 0.04365904365904366 0.9857954545454546
0 0.48232848232848236 0.4978693181818182 0.04365904365904366 0.9872159090909092
0 0.5301455301455302 0.49644886363636365 0.04365904365904366 0.984375
0 0.5727650727650728 0.49928977272727276 0.033264033264033266 0.9900568181818182
0 0.6133056133056134 0.5007102272727273 0.033264033264033266 0.9928977272727273
0 0.659043659043659 0.5 0.033264033264033266 0.9914772727272727
0 0.7016632016632017 0.5007102272727273 0.033264033264033266 0.9928977272727273
0 0.7484407484407485 0.5014204545454546 0.033264033264033266 0.9914772727272727
0 0.7900207900207901 0.5 0.033264033264033266 0.9914772727272727
0 0.8378378378378379 0.49857954545454547 0.033264033264033266 0.9886363636363636
0 0.8773388773388774 0.5007102272727273 0.033264033264033266 0.9928977272727273
0 0.9220374220374221 0.49928977272727276 0.033264033264033266 0.9900568181818182
0 0.9677754677754679 0.49857954545454547 0.033264033264033266 0.9886363636363636
