0 0.5008389261744967 0.3426365795724466 0.7197986577181208 0.16270783847981
0 0.5008389261744967 0.7458432304038005 0.6963087248322147 0.2921615201900238
1 0.24664429530201343 0.3450118764845606 0.20134228187919462 0.16270783847981
1 0.4093959731543624 0.3426365795724466 0.10738255033557047 0.15795724465558195
1 0.5243288590604027 0.3420427553444181 0.1023489932885906 0.15439429928741094
1 0.6510067114093959 0.3426365795724466 0.12751677852348994 0.15558194774346795
1 0.7894295302013422 0.3420427553444181 0.12919463087248323 0.16152019002375298
1 0.3414429530201342 0.747624703087886 0.37416107382550334 0.28859857482185275
1 0.575503355704698 0.7470308788598575 0.06711409395973154 0.28741092636579574
1 0.6518456375838926 0.7446555819477435 0.06879194630872483 0.2921615201900238
1 0.7281879194630873 0.745249406175772 0.0738255033557047 0.28859857482185275
1 0.8095637583892618 0.7482185273159145 0.0721476510067114 0.2850356294536817
