0 0.5075503355704698 0.6680522565320666 0.8305369127516778 0.5142517814726841
1 0.11996644295302013 0.6692399049881236 0.04194630872483222 0.5190023752969122
1 0.21644295302013422 0.6680522565320666 0.1174496644295302 0.5118764845605701
1 0.3540268456375839 0.669833729216152 0.12751677852348994 0.5154394299287411
1 0.4848993288590604 0.6692399049881236 0.09731543624161074 0.5166270783847982
1 0.589765100671141 0.6692399049881236 0.08221476510067113 0.5166270783847982
1 0.6887583892617449 0.667458432304038 0.07885906040268456 0.5130641330166271
1 0.7760067114093959 0.6680522565320666 0.06208053691275168 0.5142517814726841
1 0.8456375838926175 0.6823040380047506 0.04697986577181208 0.48812351543942994
1 0.9010067114093959 0.6811163895486936 0.03691275167785235 0.4857482185273159
