0 0.5310402684563759 0.1496437054631829 0.8540268456375839 0.13539192399049882
0 0.36912751677852346 0.6098574821852731 0.5134228187919463 0.5546318289786224
1 0.2332214765100671 0.1466745843230404 0.2550335570469799 0.11995249406175773
1 0.42533557046979864 0.14786223277909738 0.10570469798657718 0.12707838479809977
1 0.5436241610738255 0.1502375296912114 0.1040268456375839 0.13182897862232779
1 0.6543624161073825 0.1502375296912114 0.087248322147651 0.12470308788598575
1 0.7726510067114094 0.14845605700712589 0.10906040268456375 0.12826603325415678
1 0.8968120805369127 0.1508313539192399 0.11912751677852348 0.12826603325415678
1 0.1610738255033557 0.653206650831354 0.07046979865771812 0.4584323040380048
1 0.35570469798657717 0.6502375296912114 0.2919463087248322 0.45724465558194777
1 0.5654362416107382 0.6365795724465558 0.11073825503355704 0.4655581947743468
