0 0.25083892617449666 0.23634204275534443 0.2634228187919463 0.13539192399049882
0 0.4949664429530201 0.5106888361045131 0.761744966442953 0.08551068883610452
0 0.5 0.6929928741092637 0.7651006711409396 0.1342042755344418
1 0.1929530201342282 0.23634204275534443 0.14093959731543623 0.1330166270783848
1 0.32466442953020136 0.23812351543942994 0.1023489932885906 0.13182897862232779
1 0.1929530201342282 0.5124703087885986 0.14093959731543623 0.08669833729216152
1 0.3464765100671141 0.5130641330166271 0.14261744966442952 0.0831353919239905
1 0.5008389261744967 0.5118764845605701 0.13926174496644295 0.0831353919239905
1 0.6543624161073825 0.5142517814726841 0.14093959731543623 0.08076009501187649
1 0.8011744966442953 0.5124703087885986 0.1325503355704698 0.08432304038004751
1 0.23238255033557045 0.6929928741092637 0.21308724832214765 0.13182897862232779
1 0.4874161073825503 0.6888361045130642 0.28691275167785235 0.1306413301662708
1 0.7583892617449665 0.6918052256532067 0.22818791946308725 0.13182897862232779
