0 0.042391304347826085 0.4945652173913043 0.07173913043478261 0.967391304347826
0 0.12391304347826088 0.5054347826086957 0.06086956521739131 0.9891304347826086
0 0.20217391304347826 0.5054347826086957 0.06521739130434782 0.9891304347826086
0 0.28804347826086957 0.5 0.07173913043478261 0.9565217391304348
0 0.3804347826086957 0.5 0.08695652173913043 0.9347826086956521
0 0.47608695652173916 0.5 0.0782608695652174 0.9565217391304348
0 0.5695652173913044 0.5054347826086957 0.08260869565217391 0.9891304347826086
0 0.6652173913043479 0.5054347826086957 0.08260869565217391 0.9456521739130435
0 0.7608695652173914 0.5054347826086957 0.0782608695652174 0.9456521739130435
0 0.8543478260869566 0.5163043478260869 0.07391304347826087 0.967391304347826
0 0.9532608695652174 0.4891304347826087 0.08478260869565217 0.9565217391304348
