0 0.08765652951699464 0.5037593984962405 0.15742397137745975 0.9624060150375939
0 0.1887298747763864 0.5037593984962405 0.03398926654740608 0.9473684210526315
0 0.23166368515205724 0.5037593984962405 0.03398926654740608 0.9473684210526315
0 0.2817531305903399 0.5 0.04114490161001789 0.9248120300751879
0 0.33899821109123435 0.5 0.044722719141323794 0.9398496240601504
0 0.3962432915921288 0.5 0.044722719141323794 0.9398496240601504
0 0.44991055456171736 0.49248120300751874 0.044722719141323794 0.9398496240601504
0 0.5071556350626119 0.5 0.044722719141323794 0.9398496240601504
0 0.5661896243291592 0.5 0.044722719141323794 0.9398496240601504
0 0.6234347048300537 0.49248120300751874 0.044722719141323794 0.9398496240601504
0 0.6806797853309481 0.49248120300751874 0.044722719141323794 0.9398496240601504
0 0.7379248658318426 0.5 0.044722719141323794 0.9398496240601504
0 0.7915921288014311 0.5075187969924811 0.044722719141323794 0.9398496240601504
0 0.8506261180679785 0.49248120300751874 0.044722719141323794 0.9398496240601504
0 0.90608228980322 0.49248120300751874 0.044722719141323794 0.9398496240601504
0 0.9651162790697675 0.5 0.044722719141323794 0.9398496240601504
