0 0.537751677852349 0.3028503562945368 0.8439597315436241 0.2660332541567696
0 0.5335570469798657 0.6068883610451307 0.8456375838926175 0.22802850356294538
0 0.5385906040268457 0.830166270783848 0.8322147651006712 0.163895486935867
1 0.1417785234899329 0.30581947743467935 0.03859060402684564 0.2600950118764846
1 0.23825503355704697 0.30463182897862234 0.1476510067114094 0.25771971496437057
1 0.36828859060402686 0.30463182897862234 0.10906040268456375 0.25534441805225655
1 0.46560402684563756 0.30403800475059384 0.06208053691275168 0.2589073634204276
1 0.5385906040268457 0.30641330166270786 0.06711409395973154 0.25415676959619954
1 0.6140939597315436 0.30522565320665085 0.08389261744966443 0.25415676959619954
1 0.6971476510067114 0.30522565320665085 0.06543624161073826 0.25653206650831356
1 0.7734899328859061 0.30403800475059384 0.053691275167785234 0.2612826603325416
1 0.8800335570469798 0.30581947743467935 0.13926174496644295 0.2505938242280285
1 0.13758389261744966 0.6074821852731592 0.0436241610738255 0.2149643705463183
1 0.43456375838926176 0.6080760095011877 0.5335570469798657 0.2161520190023753
1 0.8296979865771812 0.6092636579572447 0.23993288590604026 0.2137767220902613
1 0.15016778523489932 0.831353919239905 0.04865771812080537 0.15676959619952494
1 0.25838926174496646 0.828978622327791 0.15100671140939598 0.15914489311163896
1 0.4093959731543624 0.831353919239905 0.14093959731543623 0.15439429928741094
1 0.5276845637583892 0.828978622327791 0.08557046979865772 0.15676959619952494
1 0.6266778523489933 0.830166270783848 0.08557046979865772 0.15439429928741094
1 0.75 0.828978622327791 0.1442953020134228 0.15439429928741094
1 0.8926174496644295 0.8283847980997625 0.11073825503355704 0.15320665083135393
