0 0.8372140522875817 0.20659722222222224 0.25040849673202614 0.11268939393939395
0 0.4928513071895425 0.4785353535353536 0.9342320261437909 0.4040404040404041
1 0.7685866013071896 0.20770202020202022 0.09926470588235295 0.10858585858585859
1 0.889093137254902 0.20549242424242425 0.11968954248366014 0.10416666666666667
1 0.042075163398692814 0.46227904040404044 0.03022875816993464 0.3671085858585859
1 0.10273692810457517 0.46227904040404044 0.07475490196078431 0.3671085858585859
1 0.24959150326797386 0.4618055555555556 0.20016339869281047 0.36174242424242425
1 0.4076797385620915 0.4629103535353536 0.07189542483660132 0.37026515151515155
1 0.5016339869281046 0.46227904040404044 0.09640522875816994 0.3715277777777778
1 0.5921160130718954 0.4613320707070708 0.06821895424836602 0.3652146464646465
1 0.6603349673202614 0.4618055555555556 0.06004901960784314 0.3680555555555556
1 0.7207924836601307 0.46401515151515155 0.042075163398692814 0.3661616161616162
1 0.8031045751633987 0.46590909090909094 0.10620915032679738 0.3724747474747475
1 0.9040032679738562 0.4823232323232324 0.10866013071895425 0.3945707070707071
