0 0.5184563758389261 0.583729216152019 0.785234899328859 0.26247030878859856
0 0.5201342281879194 0.8111638954869359 0.785234899328859 0.1306413301662708
0 0.5134228187919463 0.28800475059382424 0.7684563758389261 0.2648456057007126
0 0.5159395973154363 0.09323040380047506 0.7768456375838926 0.0653206650831354
1 0.47315436241610737 0.09679334916864608 0.6711409395973155 0.06294536817102138
1 0.8674496644295302 0.09382422802850357 0.08053691275167785 0.061757719714964375
1 0.4714765100671141 0.28859857482185275 0.6812080536912751 0.2660332541567696
1 0.8557046979865771 0.29038004750593827 0.0738255033557047 0.26247030878859856
1 0.22818791946308725 0.583729216152019 0.19463087248322147 0.2600950118764846
1 0.5679530201342282 0.586104513064133 0.4681208053691275 0.25534441805225655
1 0.8573825503355704 0.5855106888361046 0.087248322147651 0.2589073634204276
1 0.4714765100671141 0.5997624703087886 0.25838926174496646 0.23515439429928742
1 0.7055369127516778 0.5967933491686461 0.1929530201342282 0.2339667458432304
1 0.6652684563758389 0.5950118764845606 0.09899328859060402 0.22565320665083136
1 0.7625838926174496 0.5997624703087886 0.06208053691275168 0.2304038004750594
1 0.3850671140939597 0.6092636579572447 0.06879194630872483 0.21140142517814728
1 0.473993288590604 0.6062945368171022 0.07550335570469799 0.21021377672209027
1 0.5578859060402684 0.6033254156769596 0.0721476510067114 0.20427553444180524
1 0.15268456375838926 0.8093824228028504 0.04697986577181208 0.12232779097387174
1 0.27348993288590606 0.8135391923990499 0.17114093959731544 0.12826603325415678
1 0.462248322147651 0.8093824228028504 0.1929530201342282 0.11995249406175773
1 0.6023489932885906 0.8099762470308789 0.08053691275167785 0.12351543942992875
1 0.7231543624161074 0.8141330166270784 0.13758389261744966 0.12707838479809977
1 0.8515100671140939 0.8111638954869359 0.10906040268456375 0.1306413301662708
