0 0.5151006711409396 0.5724465558194775 0.7583892617449665 0.6009501187648456
0 0.8968120805369127 0.8729216152019003 0.0016778523489932886 0.0
1 0.19714765100671142 0.3657957244655582 0.11241610738255034 0.05938242280285036
1 0.5780201342281879 0.3622327790973872 0.62248322147651 0.05938242280285036
1 0.25838926174496646 0.5249406175771971 0.23825503355704697 0.20665083135391926
1 0.6417785234899329 0.5267220902612827 0.4949664429530201 0.1983372921615202
1 0.1929530201342282 0.7678147268408552 0.12080536912751677 0.2125890736342043
1 0.32466442953020136 0.7707838479809976 0.1023489932885906 0.2137767220902613
1 0.4513422818791946 0.7684085510688836 0.1174496644295302 0.2161520190023753
1 0.5805369127516778 0.7684085510688836 0.11073825503355704 0.21852731591448932
1 0.7055369127516778 0.7678147268408552 0.09563758389261745 0.2149643705463183
1 0.8271812080536912 0.7690023752969122 0.1174496644295302 0.21021377672209027
