0 0.4521812080536913 0.19180522565320665 0.7902684563758389 0.11757719714964371
0 0.45302013422818793 0.6947743467933492 0.7919463087248322 0.4465558194774347
1 0.08137583892617449 0.19239904988123516 0.03859060402684564 0.1163895486935867
1 0.24328859060402683 0.19061757719714964 0.26174496644295303 0.11757719714964371
1 0.4899328859060403 0.19239904988123516 0.19798657718120805 0.11401425178147269
1 0.7214765100671141 0.19121140142517815 0.23154362416107382 0.1163895486935867
1 0.08305369127516779 0.6947743467933492 0.03523489932885906 0.4489311163895487
1 0.23154362416107382 0.6941805225653207 0.23154362416107382 0.4453681710213777
1 0.4748322147651007 0.6947743467933492 0.22483221476510068 0.4441805225653207
1 0.723993288590604 0.6965558194774347 0.22986577181208054 0.4453681710213777
