0 0.46560402684563756 0.7820665083135392 0.6996644295302014 0.10095011876484561
0 0.44966442953020136 0.1828978622327791 0.5973154362416108 0.052256532066508314
0 0.4471476510067114 0.2695961995249406 0.598993288590604 0.06413301662707839
0 0.4471476510067114 0.38657957244655583 0.5889261744966443 0.05106888361045131
0 0.44966442953020136 0.4922802850356295 0.5973154362416108 0.10095011876484561
1 0.18708053691275167 0.1811163895486936 0.06208053691275168 0.053444180522565325
1 0.3313758389261745 0.1823040380047506 0.2030201342281879 0.05106888361045131
1 0.4949664429530201 0.1828978622327791 0.09731543624161074 0.0498812351543943
1 0.5964765100671141 0.1828978622327791 0.0721476510067114 0.0498812351543943
1 0.6912751677852349 0.1823040380047506 0.09731543624161074 0.048693586698337295
1 0.18708053691275167 0.2695961995249406 0.06543624161073826 0.061757719714964375
1 0.33053691275167785 0.27137767220902614 0.19798657718120805 0.060570071258907364
1 0.49161073825503354 0.27137767220902614 0.10067114093959731 0.06294536817102138
1 0.5906040268456376 0.2695961995249406 0.07718120805369127 0.061757719714964375
1 0.6921140939597316 0.2684085510688836 0.1023489932885906 0.061757719714964375
1 0.18791946308724833 0.3847980997624703 0.060402684563758385 0.0498812351543943
1 0.3338926174496644 0.3859857482185273 0.1912751677852349 0.04750593824228029
1 0.49580536912751677 0.38717339667458434 0.08892617449664429 0.04750593824228029
1 0.5914429530201342 0.38717339667458434 0.06879194630872483 0.045130641330166275
1 0.6929530201342282 0.38717339667458434 0.09395973154362416 0.0498812351543943
1 0.18624161073825504 0.4910926365795725 0.05704697986577181 0.0985748218527316
1 0.33221476510067116 0.4910926365795725 0.19798657718120805 0.09619952494061758
1 0.49328859060402686 0.4910926365795725 0.09395973154362416 0.0985748218527316
1 0.5922818791946308 0.491686460807601 0.07046979865771812 0.09738717339667459
1 0.6929530201342282 0.494061757719715 0.09731543624161074 0.09738717339667459
1 0.1493288590604027 0.7826603325415677 0.053691275167785234 0.0997624703087886
1 0.26677852348993286 0.7820665083135392 0.15436241610738255 0.09619952494061758
1 0.43791946308724833 0.7844418052256532 0.16442953020134227 0.09619952494061758
1 0.6140939597315436 0.7856294536817102 0.15771812080536912 0.09619952494061758
1 0.7583892617449665 0.7838479809976248 0.10738255033557047 0.0997624703087886
