0 0.5243288590604027 0.37351543942992876 0.7667785234899329 0.27434679334916867
0 0.5360738255033557 0.6947743467933492 0.7869127516778524 0.10688836104513065
1 0.22231543624161074 0.37292161520190026 0.1493288590604027 0.2755344418052257
1 0.45385906040268453 0.37410926365795727 0.28691275167785235 0.27315914489311166
1 0.7541946308724832 0.37410926365795727 0.2835570469798658 0.2755344418052257
1 0.2827181208053691 0.6941805225653207 0.2600671140939597 0.10807600950118765
1 0.5411073825503355 0.6965558194774347 0.06543624161073826 0.10570071258907364
1 0.62751677852349 0.6953681710213777 0.07046979865771812 0.10570071258907364
1 0.7130872483221476 0.6953681710213777 0.06711409395973154 0.10807600950118765
1 0.7961409395973155 0.6953681710213777 0.06879194630872483 0.10807600950118765
1 0.8859060402684563 0.6947743467933492 0.08053691275167785 0.10451306413301663
