0 0.5687919463087249 0.5611638954869359 0.8557046979865771 0.15558194774346795
0 0.5067114093959731 0.7707838479809976 0.7114093959731543 0.13539192399049882
1 0.20889261744966442 0.5617577197149644 0.13590604026845637 0.16152019002375298
1 0.3657718120805369 0.5623515439429929 0.15771812080536912 0.1508313539192399
1 0.5696308724832214 0.5605700712589073 0.22315436241610737 0.1496437054631829
1 0.8447986577181208 0.5617577197149644 0.29697986577181207 0.14489311163895488
1 0.24412751677852348 0.7790973871733967 0.17953020134228187 0.11401425178147269
1 0.43875838926174493 0.7832541567695962 0.1929530201342282 0.10807600950118765
1 0.6157718120805369 0.7826603325415677 0.1174496644295302 0.11163895486935868
1 0.7164429530201342 0.7826603325415677 0.053691275167785234 0.11163895486935868
1 0.8011744966442953 0.7802850356294537 0.11241610738255034 0.10926365795724466
