0 0.08363970588235294 0.4904761904761905 0.15625 0.9238095238095239
0 0.20128676470588236 0.49523809523809526 0.05698529411764706 0.9333333333333335
0 0.26746323529411764 0.4904761904761905 0.05698529411764706 0.9238095238095239
0 0.3428308823529412 0.4904761904761905 0.05698529411764706 0.9238095238095239
0 0.4329044117647059 0.5 0.05698529411764706 0.942857142857143
0 0.5137867647058824 0.49523809523809526 0.05698529411764706 0.9333333333333335
0 0.6020220588235294 0.48571428571428577 0.05698529411764706 0.9142857142857144
0 0.6920955882352942 0.49523809523809526 0.05698529411764706 0.9333333333333335
0 0.7941176470588235 0.49523809523809526 0.09926470588235294 0.9333333333333335
0 0.9246323529411764 0.48571428571428577 0.09926470588235294 0.9142857142857144
