0 0.4412751677852349 0.2773159144893112 0.761744966442953 0.4762470308788599
0 0.44043624161073824 0.754750593824228 0.7634228187919463 0.3836104513064133
1 0.11157718120805368 0.2749406175771972 0.09228187919463086 0.47387173396674587
1 0.22902684563758388 0.2767220902612827 0.09228187919463086 0.47268408551068886
1 0.3733221476510067 0.2761282660332542 0.1493288590604027 0.47149643705463185
1 0.6401006711409396 0.2785035629453682 0.3473154362416107 0.47387173396674587
1 0.10570469798657718 0.7541567695961996 0.08053691275167785 0.3800475059382423
1 0.2030201342281879 0.754750593824228 0.0738255033557047 0.3788598574821853
1 0.3565436241610738 0.7553444180522566 0.1929530201342282 0.3776722090261283
1 0.6518456375838926 0.7541567695961996 0.32046979865771813 0.3776722090261283
