0 0.10208711433756805 0.5097765363128491 0.18239564428312158 0.9720670391061453
0 0.25680580762250454 0.5083798882681564 0.12159709618874773 0.9692737430167598
0 0.38566243194192373 0.5076815642458101 0.12885662431941924 0.973463687150838
0 0.4723230490018149 0.5097765363128491 0.03176043557168784 0.9692737430167598
0 0.5095281306715064 0.5069832402234637 0.03176043557168784 0.9692737430167598
0 0.5512704174228675 0.5041899441340782 0.03176043557168784 0.9692737430167598
0 0.5902903811252268 0.505586592178771 0.03176043557168784 0.9692737430167598
0 0.6293103448275862 0.5111731843575419 0.03176043557168784 0.9692737430167598
0 0.6701451905626135 0.5097765363128491 0.03176043557168784 0.9692737430167598
0 0.7073502722323048 0.505586592178771 0.03176043557168784 0.9692737430167598
0 0.7436479128856625 0.505586592178771 0.03176043557168784 0.9692737430167598
0 0.77994555353902 0.5027932960893855 0.03176043557168784 0.9692737430167598
0 0.8180580762250453 0.5069832402234637 0.03176043557168784 0.9692737430167598
0 0.8561705989110707 0.5083798882681564 0.03176043557168784 0.9692737430167598
0 0.8924682395644282 0.5083798882681564 0.03176043557168784 0.9692737430167598
0 0.9333030852994555 0.5097765363128491 0.03176043557168784 0.9692737430167598
0 0.9741379310344828 0.5069832402234637 0.03176043557168784 0.9692737430167598
