0 0.016826923076923076 0.5 0.024038461538461536 0.9773584905660377
0 0.07612179487179487 0.49245283018867925 0.07852564102564102 0.9622641509433962
0 0.15224358974358973 0.4962264150943396 0.0641025641025641 0.969811320754717
0 0.2299679487179487 0.4981132075471698 0.08173076923076923 0.9735849056603774
0 0.31330128205128205 0.4981132075471698 0.07852564102564102 0.9735849056603774
0 0.390224358974359 0.49433962264150944 0.0625 0.9660377358490566
0 0.46955128205128205 0.4981132075471698 0.08012820512820512 0.9735849056603774
0 0.5536858974358975 0.49433962264150944 0.07852564102564102 0.9660377358490566
0 0.6322115384615384 0.49433962264150944 0.0625 0.9660377358490566
0 0.7099358974358974 0.4981132075471698 0.08012820512820512 0.9735849056603774
0 0.7956730769230769 0.4981132075471698 0.07852564102564102 0.9735849056603774
0 0.8725961538461539 0.4981132075471698 0.0625 0.9735849056603774
0 0.9479166666666666 0.4981132075471698 0.07852564102564102 0.9735849056603774
