0 0.5008389261744967 0.45665083135391926 0.7701342281879194 0.5190023752969122
0 0.50251677852349 0.7743467933491687 0.7667785234899329 0.04750593824228029
1 0.13338926174496643 0.45486935866983375 0.028523489932885907 0.5201900237529692
1 0.2525167785234899 0.45724465558194777 0.18288590604026844 0.5154394299287411
1 0.38758389261744963 0.45605700712589076 0.060402684563758385 0.5178147268408552
1 0.549496644295302 0.45486935866983375 0.24328859060402683 0.5201900237529692
1 0.7785234899328859 0.45605700712589076 0.19798657718120805 0.5154394299287411
1 0.13590604026845637 0.7737529691211402 0.02348993288590604 0.043942992874109264
1 0.2550335570469799 0.7755344418052257 0.18456375838926173 0.04750593824228029
1 0.5234899328859061 0.7743467933491687 0.32885906040268453 0.0498812351543943
1 0.787751677852349 0.7761282660332542 0.18288590604026844 0.043942992874109264
