0 0.535234899328859 0.2470308788598575 0.7885906040268457 0.1805225653206651
0 0.5411073825503355 0.7102137767220903 0.8003355704697986 0.11401425178147269
1 0.3976510067114094 0.2458432304038005 0.49328859060402686 0.1805225653206651
1 0.6786912751677853 0.2470308788598575 0.04194630872483222 0.1805225653206651
1 0.7231543624161074 0.246437054631829 0.030201342281879193 0.17695961995249407
1 0.7718120805369127 0.246437054631829 0.03355704697986577 0.1793349168646081
1 0.8313758389261745 0.247624703087886 0.0587248322147651 0.17695961995249407
1 0.8968120805369127 0.246437054631829 0.04530201342281879 0.1793349168646081
1 0.3808724832214765 0.7090261282660333 0.4597315436241611 0.11401425178147269
1 0.6417785234899329 0.7102137767220903 0.031879194630872486 0.11163895486935868
1 0.6912751677852349 0.7090261282660333 0.03355704697986577 0.11401425178147269
1 0.7550335570469798 0.7119952494061758 0.06711409395973154 0.1152019002375297
1 0.8280201342281879 0.7102137767220903 0.04530201342281879 0.11401425178147269
1 0.8993288590604027 0.7108076009501187 0.06711409395973154 0.11282660332541568
