0 0.49939491730536506 0.257981755986317 0.754336425978217 0.2879133409350057
0 0.5014118596208148 0.6707525655644242 0.764017749092376 0.29076396807297605
1 0.18334005647438484 0.26083238312428736 0.11415893505445744 0.282212086659065
1 0.2977006857603873 0.25926453819840367 0.09842678499394918 0.2830672748004561
1 0.40318676885841065 0.2596921322690992 0.09398951189995966 0.282212086659065
1 0.5121016538926987 0.2578392246294185 0.10205728116175877 0.2802166476624858
1 0.6210165389269867 0.2612599771949829 0.08592174263816055 0.2830672748004561
1 0.7224687373941105 0.2594070695553022 0.08471157724889068 0.27936145952109465
1 0.8227107704719645 0.2588369441277081 0.08592174263816055 0.2782212086659065
1 0.1827349737797499 0.673175598631699 0.11536910044372731 0.2842075256556443
1 0.299717628075837 0.6698973774230331 0.09116579265832997 0.27936145952109465
1 0.4126663977410246 0.6703249714937286 0.1073013311819282 0.2802166476624858
1 0.5316659943525615 0.6721778791334093 0.10891488503428802 0.2839224629418472
1 0.6734570391286809 0.6707525655644242 0.1319080274304155 0.27936145952109465
1 0.8128277531262605 0.6741733181299886 0.12505042355788623 0.2765108323831243
