0 0.5 0.17577197149643706 0.8087248322147651 0.2327790973871734
0 0.4983221476510067 0.4311163895486936 0.8087248322147651 0.15439429928741094
0 0.4983221476510067 0.6425178147268409 0.8120805369127516 0.14489311163895488
0 0.5 0.8634204275534442 0.8120805369127516 0.1306413301662708
1 0.1493288590604027 0.17458432304038005 0.1040268456375839 0.2327790973871734
1 0.23573825503355705 0.17399049881235154 0.04530201342281879 0.2339667458432304
1 0.3422818791946309 0.17814726840855108 0.13087248322147652 0.23515439429928742
1 0.5050335570469798 0.17695961995249407 0.15436241610738255 0.2327790973871734
1 0.6694630872483222 0.17636579572446556 0.13087248322147652 0.2339667458432304
1 0.8221476510067114 0.17577197149643706 0.1442953020134228 0.2304038004750594
1 0.2080536912751678 0.4311163895486936 0.22147651006711408 0.15676959619952494
1 0.37919463087248323 0.4299287410926366 0.09060402684563758 0.15439429928741094
1 0.4890939597315436 0.4317102137767221 0.08557046979865772 0.15320665083135393
1 0.6006711409395973 0.4317102137767221 0.10067114093959731 0.15558194774346795
1 0.7206375838926175 0.4317102137767221 0.1023489932885906 0.15558194774346795
1 0.8414429530201342 0.4317102137767221 0.1023489932885906 0.15558194774346795
1 0.32130872483221473 0.6431116389548693 0.4546979865771812 0.14370546318289787
1 0.6451342281879194 0.6419239904988123 0.1593959731543624 0.14370546318289787
1 0.8179530201342282 0.6442992874109263 0.15604026845637584 0.14845605700712589
1 0.2726510067114094 0.8604513064133017 0.3540268456375839 0.13182897862232779
1 0.514261744966443 0.8634204275534442 0.08892617449664429 0.1330166270783848
1 0.6216442953020134 0.8628266033254157 0.09899328859060402 0.12707838479809977
1 0.7382550335570469 0.8628266033254157 0.09060402684563758 0.12707838479809977
1 0.848993288590604 0.8628266033254157 0.09395973154362416 0.1294536817102138
