0 0.49161073825503354 0.23693586698337293 0.8154362416107382 0.21021377672209027
0 0.4890939597315436 0.4673396674584323 0.8171140939597316 0.1959619952494062
0 0.4924496644295302 0.7589073634204276 0.8171140939597316 0.327790973871734
1 0.28691275167785235 0.24109263657957244 0.3959731543624161 0.20190023752969122
1 0.5620805369127516 0.23990498812351546 0.1342281879194631 0.20427553444180524
1 0.7659395973154363 0.23871733966745845 0.2533557046979866 0.20190023752969122
1 0.2885906040268456 0.4661520190023753 0.40268456375838924 0.18646080760095013
1 0.5645973154362416 0.4655581947743468 0.12919463087248323 0.19002375296912116
1 0.764261744966443 0.4679334916864608 0.24664429530201343 0.19477434679334918
1 0.2860738255033557 0.7589073634204276 0.401006711409396 0.327790973871734
1 0.5629194630872483 0.7595011876484561 0.1325503355704698 0.32185273159144895
1 0.7651006711409396 0.7571258907363421 0.25167785234899326 0.326603325415677
