0 0.553921568627451 0.3301767676767677 0.8333333333333334 0.05681818181818182
0 0.5559640522875817 0.494949494949495 0.8537581699346406 0.19065656565656566
0 0.8024918300653595 0.7675189393939394 0.3337418300653595 0.07481060606060606
1 0.21017156862745098 0.33080808080808083 0.13766339869281047 0.05555555555555556
1 0.3968545751633987 0.33080808080808083 0.16462418300653595 0.05555555555555556
1 0.6535947712418301 0.33080808080808083 0.1388888888888889 0.05555555555555556
1 0.8161764705882353 0.3312815656565657 0.08823529411764706 0.05902777777777778
1 0.1613562091503268 0.4943181818181819 0.06127450980392157 0.18939393939393942
1 0.2741013071895425 0.49447601010101017 0.14297385620915032 0.19160353535353536
1 0.45526960784313725 0.494949494949495 0.1948529411764706 0.18813131313131315
1 0.5962009803921569 0.49447601010101017 0.06821895424836602 0.19160353535353536
1 0.6595179738562091 0.4958964646464647 0.039624183006535946 0.19255050505050506
1 0.7242647058823529 0.49447601010101017 0.07107843137254902 0.18718434343434345
1 0.8012663398692811 0.496054292929293 0.05841503267973856 0.19034090909090912
1 0.8762254901960784 0.49542297979797983 0.07761437908496732 0.19160353535353536
1 0.9509803921568628 0.49652777777777785 0.058823529411764705 0.19381313131313133
1 0.7154820261437909 0.7679924242424243 0.15400326797385622 0.07133838383838384
1 0.9093137254901961 0.7668876262626263 0.11437908496732027 0.0735479797979798
