0 0.1917134831460674 0.5 0.32162921348314605 0.9770114942528735
0 0.6706460674157303 0.5440613026819923 0.6193820224719101 0.8735632183908045
0 0.40519662921348315 0.49233716475095785 0.0800561797752809 0.9616858237547892
0 0.48595505617977525 0.49425287356321834 0.06741573033707865 0.9655172413793103
0 0.5617977528089888 0.49425287356321834 0.06741573033707865 0.9655172413793103
0 0.6383426966292135 0.48850574712643674 0.07162921348314606 0.9540229885057471
0 0.711376404494382 0.5019157088122606 0.07162921348314606 0.9808429118773946
0 0.7900280898876404 0.5 0.07162921348314606 0.9770114942528735
0 0.8658707865168539 0.49425287356321834 0.07162921348314606 0.9655172413793103
0 0.9431179775280899 0.49808429118773945 0.07162921348314606 0.9731800766283525
