0 0.4983221476510067 0.3622327790973872 0.848993288590604 0.6437054631828979
0 0.5050335570469798 0.8028503562945368 0.8557046979865771 0.15201900237529692
1 0.19966442953020133 0.1799287410926366 0.2550335570469799 0.17220902612826605
1 0.4848993288590604 0.18527315914489312 0.2751677852348993 0.166270783847981
1 0.7760067114093959 0.18171021377672208 0.28691275167785235 0.166270783847981
1 0.2046979865771812 0.4845605700712589 0.2550335570469799 0.3942992874109264
1 0.36661073825503354 0.4614014251781473 0.04865771812080537 0.3432304038004751
1 0.5058724832214765 0.4340855106888361 0.21644295302013422 0.2767220902612827
1 0.6401006711409396 0.4317102137767221 0.04194630872483222 0.2767220902612827
1 0.7953020134228188 0.4323040380047506 0.24161073825503354 0.2779097387173397
1 0.1023489932885906 0.828978622327791 0.03355704697986577 0.11163895486935868
1 0.5276845637583892 0.826603325415677 0.7936241610738255 0.09263657957244656
