0 0.4650758533501897 0.30500821018062396 0.9175094816687738 0.3390804597701149
1 0.047724399494311 0.30829228243021345 0.07269279393173199 0.33251231527093594
1 0.03097345132743363 0.33497536945812806 0.030341340075853353 0.2791461412151067
1 0.06842604298356511 0.3351806239737274 0.0274968394437421 0.2762725779967159
1 0.12579013906447536 0.3099343185550082 0.07079646017699115 0.34072249589490966
1 0.23008849557522126 0.3064449917898194 0.12136536030341341 0.3312807881773399
1 0.33912768647281927 0.3070607553366174 0.03160556257901391 0.33251231527093594
1 0.37800252844500637 0.3070607553366174 0.03792667509481669 0.33004926108374383
1 0.4170353982300885 0.3043924466338259 0.029393173198482937 0.32963875205254517
1 0.4533817951959545 0.30500821018062396 0.03065739570164349 0.3284072249589491
1 0.5023704171934261 0.30500821018062396 0.04835651074589128 0.3341543513957307
1 0.56826801517067 0.3064449917898194 0.06826801517067005 0.3312807881773399
1 0.6303729456384324 0.3070607553366174 0.04519595448798989 0.33825944170771755
1 0.7299304677623263 0.3023399014778325 0.14127686472819218 0.33374384236453203
1 0.8342288242730721 0.30829228243021345 0.040139064475347666 0.34072249589490966
1 0.8928571428571429 0.3076765188834154 0.06005056890012643 0.33949096880131363
