0 0.535234899328859 0.22387173396674584 0.8120805369127516 0.328978622327791
0 0.5234899328859061 0.502375296912114 0.7751677852348993 0.14014251781472684
0 0.5218120805369127 0.7660332541567696 0.7751677852348993 0.30641330166270786
1 0.2726510067114094 0.22090261282660334 0.27013422818791943 0.327790973871734
1 0.46140939597315433 0.22030878859857483 0.0738255033557047 0.32422802850356297
1 0.5687919463087249 0.22446555819477435 0.10067114093959731 0.32304038004750596
1 0.6820469798657718 0.22327790973871736 0.08892617449664429 0.327790973871734
1 0.7835570469798657 0.22327790973871736 0.08053691275167785 0.327790973871734
1 0.8859060402684563 0.22387173396674584 0.087248322147651 0.326603325415677
1 0.15016778523489932 0.5005938242280286 0.028523489932885907 0.13895486935866985
1 0.2986577181208054 0.502375296912114 0.24496644295302014 0.14014251781472684
1 0.473993288590604 0.5017814726840856 0.06543624161073826 0.13895486935866985
1 0.5629194630872483 0.5005938242280286 0.08221476510067113 0.14133016627078385
1 0.7348993288590604 0.5017814726840856 0.23825503355704697 0.13895486935866985
1 0.886744966442953 0.5 0.031879194630872486 0.14014251781472684
1 0.15520134228187918 0.7666270783847982 0.028523489932885907 0.30522565320665085
1 0.3028523489932886 0.7666270783847982 0.23657718120805368 0.3004750593824228
1 0.473993288590604 0.7648456057007126 0.0721476510067114 0.30641330166270786
1 0.5620805369127516 0.7660332541567696 0.07718120805369127 0.3087885985748219
1 0.7348993288590604 0.7666270783847982 0.24161073825503354 0.30760095011876487
1 0.886744966442953 0.7654394299287411 0.03523489932885906 0.30760095011876487
