0 0.5037142857142858 0.23578055667607906 0.7445714285714287 0.1036708350141186
0 0.5017142857142858 0.5074626865671642 0.7485714285714287 0.2888261395724082
0 0.5082857142857143 0.7979023799919323 0.7468571428571429 0.1436062928600242
1 0.21485714285714289 0.2379991932230738 0.16 0.09681323114158935
1 0.5920000000000001 0.24263816054860832 0.5714285714285715 0.08188785800726099
1 0.4065714285714286 0.24788221056877774 0.18114285714285716 0.06575231948366277
1 0.5940000000000001 0.2498991528842275 0.17542857142857143 0.06171843485276321
1 0.7845714285714286 0.2507059298104074 0.16 0.057684550221863654
1 0.24942857142857144 0.5054457442517144 0.22114285714285717 0.2799515933844292
1 0.6225714285714287 0.509479628882614 0.49542857142857144 0.2743041549011698
1 0.4662857142857143 0.5147236789027834 0.16 0.25010084711577246
1 0.6351428571428572 0.5195643404598629 0.1502857142857143 0.2517144009681323
1 0.7922857142857144 0.5163372327551432 0.14114285714285715 0.25010084711577246
1 0.2502857142857143 0.7985074626865671 0.20800000000000002 0.1319080274304155
1 0.6217142857142858 0.7979023799919323 0.5051428571428572 0.13553852359822507
1 0.4608571428571429 0.8073820088745461 0.15257142857142858 0.11173860427591771
1 0.6274285714285714 0.8100040338846309 0.15771428571428572 0.11133521581282775
1 0.7988571428571429 0.8073820088745461 0.1462857142857143 0.10609116579265833
