0 0.48573825503355705 0.22387173396674584 0.8238255033557047 0.3479809976247031
0 0.4093959731543624 0.8236342042755345 0.6845637583892618 0.3004750593824228
1 0.1174496644295302 0.22327790973871736 0.0738255033557047 0.3491686460807601
1 0.3464765100671141 0.22327790973871736 0.3573825503355705 0.34679334916864607
1 0.6291946308724832 0.22505938242280285 0.16442953020134227 0.3479809976247031
1 0.8104026845637584 0.22327790973871736 0.15771812080536912 0.3491686460807601
1 0.11996644295302013 0.8236342042755345 0.07885906040268456 0.3028503562945368
1 0.1988255033557047 0.8224465558194775 0.04865771812080537 0.29572446555819476
1 0.31040268456375836 0.8260095011876485 0.15100671140939598 0.3004750593824228
1 0.44211409395973156 0.8248218527315915 0.07885906040268456 0.3004750593824228
1 0.6208053691275167 0.82541567695962 0.24496644295302014 0.29691211401425177
