0 0.4907718120805369 0.21080760095011877 0.7600671140939597 0.25771971496437057
0 0.37080536912751677 0.661520190023753 0.5234899328859061 0.491686460807601
1 0.18959731543624161 0.21140142517814728 0.1476510067114094 0.25415676959619954
1 0.3422818791946309 0.2137767220902613 0.13087248322147652 0.2517814726840855
1 0.46895973154362414 0.21140142517814728 0.08557046979865772 0.25415676959619954
1 0.5528523489932886 0.21199524940617578 0.05536912751677852 0.25534441805225655
1 0.6317114093959731 0.21199524940617578 0.0721476510067114 0.2529691211401425
1 0.7214765100671141 0.2125890736342043 0.07718120805369127 0.25653206650831356
1 0.8179530201342282 0.20961995249406176 0.08557046979865772 0.2505938242280285
1 0.19379194630872482 0.5053444180522566 0.1593959731543624 0.07719714964370547
1 0.38674496644295303 0.5071258907363421 0.2030201342281879 0.08076009501187649
1 0.5713087248322147 0.5083135391923991 0.11241610738255034 0.07600950118764846
1 0.18959731543624161 0.6312351543942993 0.15436241610738255 0.07482185273159145
1 0.39177852348993286 0.6300475059382423 0.22315436241610737 0.07007125890736342
1 0.575503355704698 0.6312351543942993 0.10738255033557047 0.07482185273159145
1 0.1929530201342282 0.755938242280285 0.15771812080536912 0.07244655581947744
1 0.40268456375838924 0.753562945368171 0.22818791946308725 0.07244655581947744
1 0.5771812080536912 0.7571258907363421 0.1040268456375839 0.07719714964370547
1 0.1929530201342282 0.8491686460807601 0.15436241610738255 0.07838479809976247
1 0.39093959731543626 0.8497624703087886 0.21476510067114093 0.07244655581947744
1 0.572986577181208 0.8491686460807601 0.10906040268456375 0.07600950118764846
