0 0.5050335570469798 0.1306413301662708 0.7818791946308725 0.10451306413301663
0 0.4983221476510067 0.42339667458432306 0.7785234899328859 0.15558194774346795
0 0.4983221476510067 0.7713776722090262 0.785234899328859 0.1342042755344418
1 0.3884228187919463 0.13123515439429928 0.535234899328859 0.10095011876484561
1 0.6820469798657718 0.1306413301662708 0.03523489932885906 0.10451306413301663
1 0.7307046979865771 0.1342042755344418 0.04194630872483222 0.10926365795724466
1 0.7709731543624161 0.1324228028503563 0.03523489932885906 0.0985748218527316
1 0.8179530201342282 0.1330166270783848 0.03523489932885906 0.10213776722090262
1 0.8691275167785235 0.1306413301662708 0.050335570469798654 0.10213776722090262
1 0.3825503355704698 0.42399049881235157 0.5402684563758389 0.1496437054631829
1 0.6845637583892618 0.42339667458432306 0.040268456375838924 0.15320665083135393
1 0.7323825503355704 0.42399049881235157 0.03859060402684564 0.15439429928741094
1 0.7785234899328859 0.4245843230403801 0.03355704697986577 0.15320665083135393
1 0.8204697986577181 0.4245843230403801 0.03691275167785235 0.14845605700712589
1 0.8666107382550335 0.42220902612826605 0.031879194630872486 0.14370546318289787
1 0.3884228187919463 0.7695961995249406 0.535234899328859 0.12826603325415678
1 0.6845637583892618 0.7387173396674585 0.03355704697986577 0.0665083135391924
1 0.7290268456375839 0.740498812351544 0.03523489932885906 0.0653206650831354
1 0.7734899328859061 0.73812351543943 0.0436241610738255 0.06769596199524941
1 0.8213087248322147 0.739311163895487 0.028523489932885907 0.06294536817102138
1 0.8708053691275167 0.7399049881235155 0.03691275167785235 0.0665083135391924
1 0.7776845637583892 0.8046318289786224 0.21644295302013422 0.06294536817102138
