0 0.49836601307189543 0.5359848484848485 0.8415032679738562 0.17550505050505052
1 0.18647875816993464 0.5344065656565657 0.2152777777777778 0.16414141414141414
1 0.35784313725490197 0.5348800505050505 0.08169934640522876 0.17140151515151517
1 0.44526143790849676 0.5344065656565657 0.06535947712418301 0.17234848484848486
1 0.5171568627450981 0.5339330808080809 0.057189542483660136 0.16950757575757577
1 0.579248366013072 0.5344065656565657 0.04493464052287582 0.1767676767676768
1 0.6425653594771242 0.5344065656565657 0.049019607843137254 0.17234848484848486
1 0.7201797385620915 0.5339330808080809 0.07352941176470588 0.16950757575757577
1 0.7990196078431373 0.5348800505050505 0.057189542483660136 0.16950757575757577
1 0.8747957516339869 0.5344065656565657 0.07475490196078431 0.16603535353535354
