0 0.5360738255033557 0.22802850356294538 0.8406040268456376 0.21140142517814728
0 0.5360738255033557 0.6306413301662708 0.837248322147651 0.5296912114014252
1 0.17869127516778524 0.22684085510688837 0.11577181208053691 0.20902612826603326
1 0.27684563758389263 0.2292161520190024 0.050335570469798654 0.20902612826603326
1 0.3422818791946309 0.22802850356294538 0.053691275167785234 0.21140142517814728
1 0.4035234899328859 0.2292161520190024 0.04530201342281879 0.20902612826603326
1 0.46308724832214765 0.22802850356294538 0.0436241610738255 0.20902612826603326
1 0.5218120805369127 0.2143705463182898 0.04697986577181208 0.18171021377672208
1 0.5830536912751678 0.2137767220902613 0.04530201342281879 0.1805225653206651
1 0.6459731543624161 0.2143705463182898 0.04697986577181208 0.18171021377672208
1 0.7063758389261745 0.2149643705463183 0.04697986577181208 0.1828978622327791
1 0.7676174496644295 0.2149643705463183 0.04865771812080537 0.1805225653206651
1 0.8330536912751678 0.2131828978622328 0.05536912751677852 0.1793349168646081
1 0.9119127516778524 0.2137767220902613 0.0721476510067114 0.17814726840855108
1 0.18708053691275167 0.6306413301662708 0.12248322147651007 0.5273159144893111
1 0.4077181208053691 0.6306413301662708 0.28523489932885904 0.5273159144893111
1 0.6686241610738255 0.6312351543942993 0.2063758389261745 0.5308788598574822
1 0.8666107382550335 0.6318289786223278 0.1593959731543624 0.5296912114014252
