0 0.47818791946308725 0.32363420427553447 0.7348993288590604 0.25534441805225655
0 0.4756711409395973 0.6805225653206651 0.7265100671140939 0.3111638954869359
1 0.13590604026845637 0.34026128266033256 0.040268456375838924 0.2149643705463183
1 0.2197986577181208 0.34085510688836107 0.08389261744966443 0.2161520190023753
1 0.5067114093959731 0.34085510688836107 0.44295302013422816 0.21852731591448932
1 0.7894295302013422 0.34085510688836107 0.08221476510067113 0.2137767220902613
1 0.14093959731543623 0.6977434679334917 0.03691275167785235 0.27434679334916867
1 0.22063758389261745 0.6971496437054632 0.08892617449664429 0.27315914489311166
1 0.5067114093959731 0.7001187648456058 0.44966442953020136 0.2767220902612827
1 0.7869127516778524 0.6983372921615202 0.087248322147651 0.2755344418052257
