0 0.1359724612736661 0.4991394148020654 0.2667814113597246 0.9776247848537005
0 0.29862306368330466 0.4991394148020654 0.04647160068846816 0.9707401032702238
0 0.3459552495697074 0.4991394148020654 0.039586919104991396 0.9707401032702238
0 0.3881239242685026 0.5017211703958692 0.0378657487091222 0.9759036144578314
0 0.43287435456110157 0.5008605851979346 0.04647160068846816 0.9741824440619622
0 0.4819277108433735 0.5 0.04302925989672978 0.972461273666093
0 0.5305507745266782 0.5017211703958692 0.047332185886402756 0.9759036144578314
0 0.5830464716006885 0.4991394148020654 0.05249569707401033 0.9707401032702238
0 0.6316695352839932 0.5 0.034423407917383825 0.972461273666093
0 0.6764199655765921 0.5025817555938038 0.049913941480206545 0.9845094664371773
0 0.7246127366609294 0.5034423407917384 0.03614457831325301 0.9862306368330465
0 0.7676419965576592 0.5034423407917384 0.04475043029259897 0.9862306368330465
0 0.8162650602409639 0.5025817555938038 0.04388984509466437 0.9845094664371773
0 0.8631669535283993 0.5025817555938038 0.04475043029259897 0.9845094664371773
0 0.9182444061962135 0.5017211703958692 0.0585197934595525 0.9827882960413081
0 0.9746127366609295 0.5034423407917384 0.047332185886402756 0.9862306368330465
