0 0.5050335570469798 0.2749406175771972 0.7751677852348993 0.22446555819477435
0 0.5058724832214765 0.5665083135391924 0.7768456375838926 0.25415676959619954
1 0.1535234899328859 0.2755344418052257 0.0587248322147651 0.22327790973871736
1 0.3506711409395973 0.2749406175771972 0.31208053691275167 0.22446555819477435
1 0.5335570469798657 0.2755344418052257 0.026845637583892617 0.22565320665083136
1 0.5696308724832214 0.27375296912114017 0.028523489932885907 0.22446555819477435
1 0.6098993288590604 0.27375296912114017 0.025167785234899327 0.22684085510688837
1 0.6786912751677853 0.2749406175771972 0.08557046979865772 0.22684085510688837
1 0.8104026845637584 0.2755344418052257 0.15100671140939598 0.22327790973871736
1 0.15268456375838926 0.5647268408551069 0.05704697986577181 0.2529691211401425
1 0.3523489932885906 0.565914489311164 0.31208053691275167 0.2529691211401425
1 0.5360738255033557 0.5653206650831354 0.028523489932885907 0.2517814726840855
1 0.5713087248322147 0.567102137767221 0.02181208053691275 0.25534441805225655
1 0.6082214765100671 0.565914489311164 0.025167785234899327 0.2529691211401425
1 0.6753355704697986 0.567102137767221 0.08892617449664429 0.25534441805225655
1 0.8104026845637584 0.5665083135391924 0.1476510067114094 0.2517814726840855
