0 0.5167785234899329 0.2779097387173397 0.7751677852348993 0.4275534441805226
0 0.5209731543624161 0.7125890736342043 0.7667785234899329 0.2494061757719715
1 0.23741610738255034 0.26247030878859856 0.21308724832214765 0.3919239904988124
1 0.5041946308724832 0.2600950118764846 0.2902684563758389 0.3942992874109264
1 0.7181208053691275 0.26247030878859856 0.09731543624161074 0.3966745843230404
1 0.8456375838926175 0.26247030878859856 0.09395973154362416 0.3942992874109264
1 0.2550335570469799 0.7001187648456058 0.2046979865771812 0.2125890736342043
1 0.4966442953020134 0.6983372921615202 0.23825503355704697 0.21140142517814728
1 0.6845637583892618 0.6965558194774347 0.09731543624161074 0.20783847980997625
1 0.8196308724832214 0.6965558194774347 0.12919463087248323 0.2149643705463183
