0 0.5039583333333334 0.5379013079667062 0.93625 0.592449464922711
0 0.9720833333333334 0.8341260404280617 0.0 0.0
0 0.5027083333333333 0.187128418549346 0.93625 0.09126040428061831
1 0.22562500000000002 0.1892092746730083 0.37625000000000003 0.08531510107015457
1 0.7970833333333334 0.187128418549346 0.3416666666666667 0.08531510107015457
1 0.23187500000000003 0.4701248513674197 0.3804166666666667 0.45095124851367413
1 0.5033333333333334 0.47354340071343637 0.09333333333333334 0.45957193816884656
1 0.6185416666666667 0.47354340071343637 0.08458333333333334 0.45957193816884656
1 0.7054166666666667 0.4745838287752675 0.06666666666666667 0.45986920332936976
1 0.7970833333333334 0.4739892984542211 0.09416666666666668 0.458680142687277
1 0.9137500000000001 0.5370095124851367 0.11083333333333334 0.5847205707491081
1 0.5714583333333334 0.7752675386444708 0.37375 0.12366230677764564
