0 0.24115755627009647 0.10249247958745165 0.4758842443729904 0.19037387193811775
0 0.7395498392282959 0.10335195530726257 0.46577859439595776 0.18349806617963044
0 0.0728066146072577 0.5466265577997421 0.1456132292145154 0.6858616244091105
0 0.22278364722094626 0.547486033519553 0.13045475424896646 0.6789858186506231
0 0.4967845659163987 0.545981951009884 0.39366100137804316 0.6845724108293941
0 0.7769866789159394 0.5466265577997421 0.13918236104731282 0.6858616244091105
0 0.9239779513091411 0.5444778685002148 0.13642627468994029 0.6789858186506231
0 0.37276067983463484 0.23871938117748173 0.12999540652273772 0.06746884400515686
0 0.49379880569591184 0.238504512247529 0.09370693615066605 0.06446067898581866
0 0.612540192926045 0.23785990545767083 0.12264584290307763 0.06317146540610227
0 0.8153422140560405 0.9449935539321015 0.3536977491961415 0.09024495058014612
