0 0.5058724832214765 0.15914489311163896 0.7734899328859061 0.15201900237529692
0 0.4966442953020134 0.42102137767220904 0.7516778523489933 0.2529691211401425
1 0.1417785234899329 0.15736342042755344 0.031879194630872486 0.1508313539192399
1 0.337248322147651 0.15855106888361045 0.32550335570469796 0.1508313539192399
1 0.5906040268456376 0.15795724465558195 0.13758389261744966 0.15201900237529692
1 0.7072147651006712 0.15973871733966746 0.06543624161073826 0.1508313539192399
1 0.8204697986577181 0.15914489311163896 0.12751677852348994 0.15201900237529692
1 0.1442953020134228 0.42220902612826605 0.03355704697986577 0.2529691211401425
1 0.3271812080536913 0.42042755344418054 0.30201342281879195 0.2494061757719715
1 0.5721476510067114 0.42339667458432306 0.1442953020134228 0.2505938242280285
1 0.7625838926174496 0.42102137767220904 0.19966442953020133 0.2505938242280285
