0 0.5486577181208053 0.2292161520190024 0.8657718120805369 0.2945368171021378
0 0.5545302013422818 0.6971496437054632 0.8573825503355704 0.4679334916864608
1 0.15268456375838926 0.22862232779097388 0.060402684563758385 0.2933491686460808
1 0.3145973154362416 0.23218527315914492 0.24328859060402683 0.2933491686460808
1 0.5511744966442953 0.2309976247030879 0.21308724832214765 0.29097387173396677
1 0.7458053691275167 0.2339667458432304 0.1459731543624161 0.2945368171021378
1 0.9043624161073825 0.2315914489311164 0.13758389261744966 0.2945368171021378
1 0.15436241610738255 0.6971496437054632 0.05704697986577181 0.4631828978622328
1 0.3062080536912752 0.6959619952494062 0.2332214765100671 0.4655581947743468
1 0.5469798657718121 0.6965558194774347 0.22147651006711408 0.4691211401425178
1 0.7458053691275167 0.6995249406175772 0.14261744966442952 0.4679334916864608
1 0.9010067114093959 0.6983372921615202 0.1442953020134228 0.4679334916864608
