0 0.1291390728476821 0.43478260869565216 0.24944812362030905 0.8405797101449275
0 0.2913907284768212 0.429951690821256 0.03532008830022075 0.8309178743961352
0 0.33885209713024284 0.43478260869565216 0.04194260485651214 0.8309178743961352
0 0.39183222958057395 0.4251207729468599 0.04194260485651214 0.8502415458937198
0 0.44370860927152317 0.43719806763285024 0.039735099337748346 0.8357487922705313
0 0.4944812362030905 0.429951690821256 0.039735099337748346 0.8502415458937198
0 0.5540838852097131 0.4323671497584541 0.04415011037527594 0.8454106280193237
0 0.6103752759381899 0.4227053140096618 0.037527593818984545 0.8454106280193237
0 0.6644591611479028 0.4275362318840579 0.04415011037527594 0.8647342995169082
0 0.7185430463576159 0.4251207729468599 0.033112582781456956 0.859903381642512
0 0.7693156732891833 0.4323671497584541 0.046357615894039736 0.8550724637681159
0 0.8189845474613686 0.4251207729468599 0.026490066225165563 0.8502415458937198
0 0.8631346578366446 0.429951690821256 0.026490066225165563 0.859903381642512
0 0.9039735099337748 0.429951690821256 0.02869757174392936 0.8502415458937198
0 0.9448123620309051 0.4275362318840579 0.026490066225165563 0.8550724637681159
0 0.9834437086092715 0.4227053140096618 0.019867549668874173 0.8454106280193237
