0 0.5385906040268457 0.15558194774346795 0.8926174496644295 0.1472684085510689
0 0.5016778523489933 0.6437054631828979 0.761744966442953 0.25653206650831356
1 0.16526845637583892 0.15558194774346795 0.11912751677852348 0.14489311163895488
1 0.2919463087248322 0.15498812351543945 0.10067114093959731 0.14845605700712589
1 0.41191275167785235 0.15736342042755344 0.08221476510067113 0.13895486935866985
1 0.5125838926174496 0.15914489311163896 0.07550335570469799 0.1472684085510689
1 0.6157718120805369 0.15914489311163896 0.09395973154362416 0.14251781472684086
1 0.74748322147651 0.15617577197149646 0.11912751677852348 0.14133016627078385
1 0.9052013422818792 0.15439429928741094 0.13926174496644295 0.14251781472684086
1 0.4169463087248322 0.6425178147268409 0.5788590604026845 0.2517814726840855
1 0.799496644295302 0.6454869358669834 0.14261744966442952 0.25534441805225655
