0 0.4949664429530201 0.2761282660332542 0.7550335570469798 0.22684085510688837
0 0.5 0.6098574821852731 0.7651006711409396 0.24109263657957244
1 0.1568791946308725 0.2755344418052257 0.06879194630872483 0.22802850356294538
1 0.3573825503355705 0.2767220902612827 0.30201342281879195 0.22802850356294538
1 0.5343959731543624 0.2755344418052257 0.025167785234899327 0.22565320665083136
1 0.5713087248322147 0.2755344418052257 0.025167785234899327 0.22565320665083136
1 0.6073825503355704 0.2755344418052257 0.02348993288590604 0.22565320665083136
1 0.6778523489932886 0.2761282660332542 0.087248322147651 0.22684085510688837
1 0.796979865771812 0.2761282660332542 0.13087248322147652 0.2292161520190024
1 0.15771812080536912 0.6104513064133017 0.06375838926174497 0.24228028503562946
1 0.3598993288590604 0.6104513064133017 0.313758389261745 0.23990498812351546
1 0.5419463087248322 0.6110451306413301 0.02348993288590604 0.24109263657957244
1 0.5788590604026845 0.6098574821852731 0.02348993288590604 0.24109263657957244
1 0.6166107382550335 0.6104513064133017 0.02181208053691275 0.23990498812351546
1 0.6862416107382551 0.6098574821852731 0.087248322147651 0.24109263657957244
1 0.8078859060402684 0.6098574821852731 0.12583892617449663 0.23871733966745845
