0 0.5268456375838926 0.2862232779097387 0.674496644295302 0.3159144893111639
0 0.5671140939597316 0.7292161520190024 0.761744966442953 0.3586698337292162
1 0.20889261744966442 0.2850356294536817 0.03859060402684564 0.3087885985748219
1 0.41191275167785235 0.2850356294536817 0.34395973154362414 0.3111638954869359
1 0.6291946308724832 0.2850356294536817 0.07046979865771812 0.30641330166270786
1 0.7298657718120806 0.28681710213776723 0.1040268456375839 0.30760095011876487
1 0.825503355704698 0.2856294536817102 0.060402684563758385 0.3028503562945368
1 0.2105704697986577 0.7268408551068883 0.028523489932885907 0.3491686460807601
1 0.3473154362416107 0.7327790973871734 0.22483221476510068 0.35391923990498814
1 0.7080536912751678 0.7327790973871734 0.4664429530201342 0.3515439429928741
1 0.5234899328859061 0.736935866983373 0.06375838926174497 0.328978622327791
1 0.6124161073825504 0.741686460807601 0.08389261744966443 0.328978622327791
1 0.7189597315436241 0.739311163895487 0.10906040268456375 0.328978622327791
1 0.8204697986577181 0.7363420427553444 0.06711409395973154 0.32541567695962
1 0.9010067114093959 0.7387173396674585 0.06711409395973154 0.32066508313539194
