0 0.022408963585434174 0.48859315589353614 0.022408963585434174 0.9391634980988594
0 0.20378151260504201 0.4828897338403042 0.32633053221288516 0.9429657794676806
0 0.41456582633053224 0.4866920152091255 0.08403361344537816 0.9429657794676806
0 0.4964985994397759 0.4847908745247148 0.06582633053221289 0.9467680608365019
0 0.5721288515406162 0.4828897338403042 0.06582633053221289 0.9429657794676806
0 0.646358543417367 0.4828897338403042 0.06582633053221289 0.9429657794676806
0 0.7219887955182073 0.4847908745247148 0.06582633053221289 0.9467680608365019
0 0.7934173669467787 0.48859315589353614 0.06582633053221289 0.9467680608365019
0 0.8690476190476191 0.48859315589353614 0.06582633053221289 0.9467680608365019
0 0.9467787114845938 0.4923954372623574 0.0700280112044818 0.9543726235741444
0 0.6792717086834734 0.5380228136882129 0.6134453781512605 0.8555133079847909
