0 0.4471476510067114 0.2179334916864608 0.796979865771812 0.167458432304038
0 0.4546979865771812 0.732185273159145 0.7919463087248322 0.4192399049881235
1 0.10318791946308725 0.2179334916864608 0.1023489932885906 0.167458432304038
1 0.22147651006711408 0.2179334916864608 0.09731543624161074 0.167458432304038
1 0.3338926174496644 0.22030878859857483 0.09395973154362416 0.167458432304038
1 0.44546979865771813 0.21852731591448932 0.09899328859060402 0.163895486935867
1 0.5612416107382551 0.21912114014251782 0.09563758389261745 0.16270783847981
1 0.6753355704697986 0.21912114014251782 0.09228187919463086 0.167458432304038
1 0.787751677852349 0.21971496437054633 0.09228187919463086 0.163895486935867
1 0.07466442953020135 0.7298099762470309 0.025167785234899327 0.4168646080760095
1 0.20218120805369127 0.7327790973871734 0.18959731543624161 0.4156769596199525
1 0.3506711409395973 0.7315914489311164 0.0738255033557047 0.4156769596199525
1 0.4395973154362416 0.7309976247030879 0.0738255033557047 0.4168646080760095
1 0.5327181208053691 0.7309976247030879 0.07550335570469799 0.4192399049881235
1 0.6233221476510067 0.7315914489311164 0.07550335570469799 0.4180522565320665
1 0.7172818791946308 0.7315914489311164 0.07550335570469799 0.4180522565320665
1 0.8070469798657718 0.732185273159145 0.08053691275167785 0.4168646080760095
