0 0.45268718419843823 0.8008620689655173 0.8833256775378961 0.35
0 0.9556729444189251 0.8120689655172414 0.08865411116214975 0.3275862068965517
0 0.014699127239320165 0.32155172413793104 0.011024345429490124 0.6327586206896552
0 0.09600367478180984 0.3103448275862069 0.133210840606339 0.6206896551724138
0 0.25447864033073037 0.33017241379310347 0.17455213596692695 0.6155172413793103
0 0.45728066146072577 0.33275862068965517 0.21267799724391365 0.6103448275862069
0 0.6079467156637575 0.3275862068965517 0.07671107028020212 0.6206896551724138
0 0.6724850711988976 0.31551724137931036 0.03674781809830041 0.596551724137931
0 0.733578318787322 0.3189655172413793 0.06706476802939826 0.603448275862069
0 0.7932935231970601 0.3267241379310345 0.03674781809830041 0.6327586206896552
0 0.858291226458429 0.30948275862068964 0.07487367937528709 0.5982758620689655
0 0.949471750114837 0.31551724137931036 0.0891134588883785 0.596551724137931
