0 0.5077614379084967 0.42077020202020204 0.9370915032679739 0.1767676767676768
0 0.505718954248366 0.22869318181818185 0.9272875816993464 0.18844696969696972
1 0.23488562091503268 0.22601010101010102 0.37173202614379086 0.1830808080808081
1 0.4724264705882353 0.22932449494949497 0.09272875816993464 0.18529040404040406
1 0.6139705882352942 0.228219696969697 0.1772875816993464 0.1849747474747475
1 0.7808415032679739 0.227114898989899 0.14011437908496732 0.18087121212121213
1 0.9087009803921569 0.228219696969697 0.10743464052287582 0.1830808080808081
1 0.059027777777777776 0.42234848484848486 0.02573529411764706 0.1628787878787879
1 0.1474673202614379 0.4212436868686869 0.13480392156862744 0.17140151515151517
1 0.25919117647058826 0.42440025252525254 0.07475490196078431 0.16508838383838384
1 0.33496732026143794 0.42440025252525254 0.06535947712418301 0.16950757575757577
1 0.39419934640522875 0.4250315656565657 0.04493464052287582 0.1663510101010101
1 0.4622140522875817 0.42440025252525254 0.09109477124183007 0.16508838383838384
1 0.5512663398692811 0.4266098484848485 0.09517973856209151 0.16508838383838384
1 0.6364379084967321 0.42392676767676774 0.07761437908496732 0.17234848484848486
1 0.7140522875816994 0.42440025252525254 0.08333333333333334 0.16950757575757577
1 0.8051470588235294 0.42755681818181823 0.0857843137254902 0.17582070707070707
1 0.9142156862745099 0.4228219696969697 0.11846405228758171 0.1619318181818182
