0 0.7706290849673203 0.15246212121212122 0.39746732026143794 0.14330808080808083
0 0.7834967320261438 0.8764204545454546 0.39869281045751637 0.15561868686868688
0 0.491421568627451 0.40340909090909094 0.9338235294117647 0.18813131313131315
1 0.6746323529411765 0.1508838383838384 0.1809640522875817 0.13573232323232323
1 0.8809232026143791 0.15498737373737376 0.17687908496732027 0.13573232323232323
1 0.06597222222222222 0.4038825757575758 0.08047385620915033 0.18718434343434345
1 0.16605392156862744 0.40498737373737376 0.0625 0.18750000000000003
1 0.2714460784313726 0.4029356060606061 0.13194444444444445 0.18718434343434345
1 0.377859477124183 0.40340909090909094 0.05310457516339869 0.18623737373737376
1 0.49897875816993464 0.4018308080808081 0.1213235294117647 0.18750000000000003
1 0.6084558823529412 0.40435606060606066 0.07883986928104575 0.18623737373737376
1 0.6936274509803921 0.402304292929293 0.06699346405228758 0.1840277777777778
1 0.8092320261437909 0.402304292929293 0.10212418300653595 0.18844696969696972
1 0.9168709150326798 0.40451388888888895 0.06413398692810458 0.19034090909090912
1 0.6854575163398693 0.88052398989899 0.17320261437908496 0.15561868686868688
1 0.8848039215686275 0.8759469696969697 0.1715686274509804 0.14835858585858588
