0 0.49916107382550334 0.2505938242280285 0.8137583892617449 0.18764845605700714
0 0.4907718120805369 0.501187648456057 0.8104026845637584 0.15201900237529692
0 0.4966442953020134 0.734560570071259 0.8120805369127516 0.15558194774346795
1 0.13003355704697986 0.25 0.06879194630872483 0.1840855106888361
1 0.2651006711409396 0.251187648456057 0.16778523489932887 0.1840855106888361
1 0.44798657718120805 0.251187648456057 0.16778523489932887 0.1840855106888361
1 0.6317114093959731 0.252375296912114 0.16610738255033558 0.18646080760095013
1 0.8154362416107382 0.25 0.16442953020134227 0.18646080760095013
1 0.2256711409395973 0.4994061757719715 0.2802013422818792 0.14845605700712589
1 0.44043624161073824 0.5005938242280286 0.10906040268456375 0.14845605700712589
1 0.5696308724832214 0.498812351543943 0.11241610738255034 0.1496437054631829
1 0.7021812080536912 0.501187648456057 0.11577181208053691 0.1472684085510689
1 0.8296979865771812 0.501187648456057 0.11241610738255034 0.15201900237529692
1 0.3053691275167785 0.7339667458432304 0.412751677852349 0.15201900237529692
1 0.6191275167785235 0.735748218527316 0.174496644295302 0.15320665083135393
1 0.8078859060402684 0.734560570071259 0.16946308724832215 0.15558194774346795
