0 0.027842227378190254 0.5116279069767442 0.04640371229698376 0.9534883720930233
0 0.08004640371229699 0.5116279069767442 0.04640371229698376 0.9534883720930233
0 0.15371229698375868 0.5087209302325582 0.08932714617169374 0.9593023255813954
0 0.2534802784222738 0.5058139534883721 0.08932714617169374 0.9651162790697674
0 0.35440835266821347 0.5116279069767442 0.08932714617169374 0.9534883720930233
0 0.46229698375870065 0.5116279069767442 0.08932714617169374 0.9534883720930233
0 0.5806264501160092 0.5145348837209303 0.08932714617169374 0.9476744186046512
0 0.70707656612529 0.5087209302325582 0.08932714617169374 0.9593023255813954
0 0.8219257540603248 0.5145348837209303 0.08932714617169374 0.9476744186046512
0 0.9483758700696056 0.5087209302325582 0.08932714617169374 0.9593023255813954
