0 0.4957983193277311 0.33729216152019004 0.8403361344537815 0.25415676959619954
0 0.4991596638655462 0.12767220902612827 0.8403361344537815 0.12470308788598575
1 0.16638655462184876 0.12351543942992875 0.1781512605042017 0.12351543942992875
1 0.5941176470588235 0.12410926365795726 0.6369747899159665 0.12470308788598575
1 0.10336134453781513 0.33966745843230406 0.04537815126050421 0.2494061757719715
1 0.2647058823529412 0.33966745843230406 0.2504201680672269 0.25415676959619954
1 0.6579831932773109 0.34026128266033256 0.5159663865546219 0.2529691211401425
1 0.42689075630252105 0.3473871733966746 0.04369747899159664 0.22684085510688837
1 0.4873949579831933 0.3479809976247031 0.047058823529411764 0.22802850356294538
1 0.5495798319327732 0.3461995249406176 0.05378151260504202 0.2292161520190024
1 0.611764705882353 0.35332541567695963 0.040336134453781515 0.22446555819477435
1 0.6689075630252102 0.3491686460807601 0.05042016806722689 0.23515439429928742
1 0.7294117647058824 0.3479809976247031 0.047058823529411764 0.22802850356294538
1 0.7873949579831934 0.3515439429928741 0.04201680672268908 0.2304038004750594
1 0.865546218487395 0.3479809976247031 0.08739495798319329 0.22565320665083136
