0 0.14954128440366973 0.5 0.26972477064220185 0.9902439024390244
0 0.3302752293577982 0.49878048780487805 0.05871559633027523 0.9878048780487805
0 0.4027522935779817 0.4975609756097561 0.05321100917431193 0.9951219512195122
0 0.46880733944954134 0.5 0.04954128440366973 0.9902439024390244
0 0.5330275229357798 0.4975609756097561 0.04954128440366973 0.9951219512195122
0 0.6000000000000001 0.49878048780487805 0.05504587155963303 0.9926829268292683
0 0.671559633027523 0.5085365853658537 0.05137614678899083 0.9780487804878049
0 0.7458715596330275 0.5085365853658537 0.05688073394495413 0.973170731707317
0 0.8192660550458716 0.5097560975609756 0.05688073394495413 0.9707317073170731
0 0.8889908256880734 0.5134146341463415 0.04954128440366973 0.973170731707317
0 0.9651376146788991 0.5097560975609756 0.07706422018348624 0.9707317073170731
