0 0.4899328859060403 0.3271971496437055 0.7651006711409396 0.1152019002375297
0 0.4890939597315436 0.571852731591449 0.7634228187919463 0.05819477434679335
1 0.3313758389261745 0.3283847980997625 0.43456375838926176 0.10807600950118765
1 0.6065436241610738 0.327790973871734 0.09228187919463086 0.11163895486935868
1 0.7063758389261745 0.3271971496437055 0.087248322147651 0.11282660332541568
1 0.8129194630872483 0.3248218527315915 0.10570469798657718 0.11282660332541568
1 0.3196308724832215 0.570665083135392 0.41442953020134227 0.053444180522565325
1 0.5914429530201342 0.573040380047506 0.09899328859060402 0.05581947743467934
1 0.7046979865771812 0.5736342042755345 0.09731543624161074 0.052256532066508314
1 0.8171140939597316 0.573040380047506 0.10738255033557047 0.053444180522565325
