0 0.49580536912751677 0.5552256532066508 0.7768456375838926 0.07482185273159145
0 0.4924496644295302 0.6882422802850356 0.7701342281879194 0.10095011876484561
0 0.49328859060402686 0.8509501187648456 0.7684563758389261 0.13182897862232779
1 0.13338926174496643 0.5558194774346794 0.04530201342281879 0.07125890736342043
1 0.4337248322147651 0.5564133016627079 0.535234899328859 0.07007125890736342
1 0.7944630872483222 0.5552256532066508 0.16275167785234898 0.07482185273159145
1 0.13338926174496643 0.6888361045130642 0.04194630872483222 0.0997624703087886
1 0.4303691275167785 0.6876484560570072 0.5385906040268457 0.0997624703087886
1 0.7961409395973155 0.6894299287410927 0.1593959731543624 0.0985748218527316
1 0.13171140939597314 0.8503562945368172 0.04194630872483222 0.12826603325415678
1 0.43288590604026844 0.8485748218527316 0.5402684563758389 0.1294536817102138
1 0.7936241610738255 0.8503562945368172 0.15100671140939598 0.1306413301662708
