0 0.5125838926174496 0.7583135391923991 0.8775167785234899 0.2600950118764846
0 0.5100671140939598 0.4483372921615202 0.8691275167785235 0.25534441805225655
0 0.5100671140939598 0.23752969121140144 0.8691275167785235 0.11163895486935868
1 0.2676174496644295 0.44714964370546323 0.3808724832214765 0.2505938242280285
1 0.5427852348993288 0.4483372921615202 0.1459731543624161 0.2529691211401425
1 0.6996644295302014 0.4501187648456057 0.1476510067114094 0.25415676959619954
1 0.860738255033557 0.4477434679334917 0.15771812080536912 0.2517814726840855
1 0.20385906040268456 0.7600950118764846 0.2533557046979866 0.25653206650831356
1 0.412751677852349 0.7583135391923991 0.1342281879194631 0.25534441805225655
1 0.5612416107382551 0.7583135391923991 0.13926174496644295 0.26247030878859856
1 0.714765100671141 0.7606888361045131 0.14093959731543623 0.26247030878859856
1 0.8699664429530202 0.7577197149643706 0.15604026845637584 0.25653206650831356
