0 0.5 0.23218527315914492 0.8120805369127516 0.0819477434679335
0 0.49748322147651003 0.42280285035629456 0.8070469798657718 0.18527315914489312
0 0.4966442953020134 0.6799287410926366 0.8120805369127516 0.17220902612826605
1 0.1837248322147651 0.2304038004750594 0.17953020134228187 0.08076009501187649
1 0.33305369127516776 0.23218527315914492 0.09228187919463086 0.0819477434679335
1 0.44966442953020136 0.2339667458432304 0.11073825503355704 0.07600950118764846
1 0.5788590604026845 0.2339667458432304 0.11073825503355704 0.07838479809976247
1 0.7055369127516778 0.2315914489311164 0.11241610738255034 0.07600950118764846
1 0.8389261744966443 0.2333729216152019 0.12080536912751677 0.07957244655581948
1 0.30201342281879195 0.42280285035629456 0.4161073825503356 0.17814726840855108
1 0.5654362416107382 0.42161520190023755 0.087248322147651 0.18527315914489312
1 0.6652684563758389 0.42399049881235157 0.09228187919463086 0.17814726840855108
1 0.7609060402684563 0.42399049881235157 0.08892617449664429 0.18764845605700714
1 0.8582214765100671 0.42399049881235157 0.08221476510067113 0.18764845605700714
1 0.17953020134228187 0.6799287410926366 0.16778523489932887 0.16983372921615203
1 0.33557046979865773 0.6811163895486936 0.11409395973154363 0.16983372921615203
1 0.4546979865771812 0.6805225653206651 0.1040268456375839 0.17339667458432304
1 0.5662751677852349 0.6805225653206651 0.09563758389261745 0.17339667458432304
1 0.6694630872483222 0.6805225653206651 0.08389261744966443 0.16864608076009502
1 0.761744966442953 0.6793349168646081 0.07718120805369127 0.17102137767220904
1 0.8573825503355704 0.6799287410926366 0.09060402684563758 0.167458432304038
