0 0.38926174496644295 0.410332541567696 0.5234899328859061 0.1840855106888361
0 0.3884228187919463 0.6288598574821853 0.5251677852348993 0.039192399049881234
0 0.5285234899328859 0.7980997624703088 0.8154362416107382 0.2494061757719715
1 0.2575503355704698 0.4109263657957245 0.24664429530201343 0.1828978622327791
1 0.45385906040268453 0.409144893111639 0.11912751677852348 0.1793349168646081
1 0.5830536912751678 0.4121140142517815 0.12248322147651007 0.18527315914489312
1 0.3238255033557047 0.6282660332541568 0.3959731543624161 0.035629453681710214
1 0.587248322147651 0.6300475059382423 0.12080536912751677 0.036817102137767226
1 0.18288590604026844 0.8004750593824228 0.1040268456375839 0.2494061757719715
1 0.5310402684563759 0.7986935866983373 0.5721476510067114 0.24346793349168647
1 0.875 0.7975059382422803 0.1023489932885906 0.2482185273159145
