0 0.10955986748698533 0.05021432945499082 0.20681495504022715 0.07960808328230251
0 0.2799337434926645 0.04898958971218616 0.10553715097018457 0.08573178199632578
0 0.3823946994794131 0.049908144519289654 0.08045433033601514 0.0838946723821188
0 0.4943208707998107 0.04807103490508267 0.1216280170373876 0.0838946723821188
0 0.6254141031708471 0.05021432945499082 0.11216280170373875 0.07960808328230251
0 0.7681022243256034 0.0520514390691978 0.14481779460482724 0.08328230251071647
0 0.9219119734973971 0.04898958971218616 0.14008518693800284 0.08940600122473974
0 0.17889256980596308 0.5235762400489896 0.07382867960246095 0.2878138395590937
0 0.04093705631803123 0.4430496019595836 0.07240889730241362 0.706062461726883
0 0.09985802176999527 0.44488671157379056 0.03312825366777094 0.7023882424984691
0 0.18764789398958825 0.44611145131659524 0.12920018930430666 0.6999387630128597
0 0.3492664458116422 0.44519289650949173 0.1779460482725982 0.6981016533986528
0 0.5818741126360625 0.44488671157379056 0.06956933270231898 0.7023882424984691
0 0.7176999526739233 0.4430496019595836 0.06956933270231898 0.7023882424984691
0 0.8248935163274964 0.4439681567666871 0.08802650260293421 0.704225352112676
0 0.9448651206814955 0.44580526638089407 0.11026975863700898 0.704225352112676
0 0.8350686228111689 0.8992651561543172 0.12446758163748226 0.2063686466625842
0 0.9566966398485566 0.8992651561543172 0.09323237103644108 0.2063686466625842
