0 0.4756944444444445 0.448074494949495 0.8835784313725491 0.10511363636363637
0 0.34844771241830064 0.6590909090909092 0.5857843137254902 0.09595959595959597
0 0.7820669934640523 0.5465593434343434 0.2790032679738562 0.07039141414141414
1 0.29125816993464054 0.449179292929293 0.5089869281045751 0.0965909090909091
1 0.5962009803921569 0.45028409090909094 0.08700980392156862 0.09880050505050506
1 0.6840277777777778 0.45028409090909094 0.08047385620915033 0.10321969696969698
1 0.7700163398692811 0.44760101010101017 0.07761437908496732 0.09785353535353536
1 0.8672385620915033 0.4496527777777778 0.10049019607843138 0.10006313131313133
1 0.7079248366013072 0.5475063131313131 0.12826797385620917 0.06218434343434344
1 0.8782679738562091 0.5481376262626263 0.08169934640522876 0.0672348484848485
1 0.19730392156862744 0.659564393939394 0.2720588235294118 0.08617424242424243
1 0.4893790849673203 0.6622474747474748 0.303921568627451 0.08964646464646465
