0 0.5016778523489933 0.3747030878859858 0.7818791946308725 0.3598574821852732
0 0.5167785234899329 0.8117577197149644 0.825503355704698 0.16983372921615203
1 0.24412751677852348 0.3747030878859858 0.2600671140939597 0.35510688836104515
1 0.47063758389261745 0.3758907363420428 0.16610738255033558 0.35748218527315917
1 0.6174496644295302 0.3764845605700713 0.09731543624161074 0.3586698337292162
1 0.7860738255033557 0.3747030878859858 0.20973154362416108 0.35510688836104515
1 0.18875838926174496 0.8111638954869359 0.1593959731543624 0.166270783847981
1 0.3657718120805369 0.8117577197149644 0.1610738255033557 0.167458432304038
1 0.5226510067114094 0.8129453681710214 0.12583892617449663 0.16508313539192399
1 0.6761744966442953 0.8129453681710214 0.15771812080536912 0.16508313539192399
1 0.8464765100671141 0.8123515439429929 0.15268456375838926 0.15914489311163896
