0 0.5394295302013423 0.22565320665083136 0.8406040268456376 0.22565320665083136
0 0.535234899328859 0.4673396674584323 0.8422818791946308 0.2007125890736342
1 0.14261744966442952 0.22624703087885986 0.040268456375838924 0.2173396674584323
1 0.43540268456375836 0.22327790973871736 0.5318791946308725 0.21140142517814728
1 0.8280201342281879 0.22505938242280285 0.23993288590604026 0.2125890736342043
1 0.15100671140939598 0.4649643705463183 0.053691275167785234 0.19121140142517815
1 0.25671140939597314 0.4679334916864608 0.1442953020134228 0.19002375296912116
1 0.40436241610738255 0.4679334916864608 0.14093959731543623 0.19239904988123516
1 0.5251677852348993 0.46971496437054633 0.087248322147651 0.19121140142517815
1 0.6216442953020134 0.4679334916864608 0.08557046979865772 0.19239904988123516
1 0.7508389261744967 0.4673396674584323 0.15268456375838926 0.19121140142517815
1 0.8917785234899329 0.4691211401425178 0.11241610738255034 0.19239904988123516
