0 0.5293624161073825 0.6894299287410927 0.8171140939597316 0.1793349168646081
0 0.401006711409396 0.8770783847980999 0.5604026845637584 0.0819477434679335
1 0.21140939597315436 0.6912114014251782 0.15100671140939598 0.17577197149643706
1 0.36325503355704697 0.6977434679334917 0.1325503355704698 0.18171021377672208
1 0.5033557046979865 0.6900237529691212 0.13758389261744966 0.17814726840855108
1 0.6451342281879194 0.6888361045130642 0.12919463087248323 0.1805225653206651
1 0.7810402684563759 0.6888361045130642 0.1325503355704698 0.1805225653206651
1 0.8959731543624161 0.6906175771971497 0.08053691275167785 0.18171021377672208
1 0.3221476510067114 0.7066508313539193 0.040268456375838924 0.14251781472684086
1 0.3901006711409396 0.7048693586698338 0.06879194630872483 0.14133016627078385
1 0.46560402684563756 0.7078384798099763 0.04194630872483222 0.14014251781472684
1 0.5310402684563759 0.7066508313539193 0.06543624161073826 0.14489311163895488
1 0.6040268456375839 0.7072446555819478 0.040268456375838924 0.14845605700712589
1 0.6677852348993288 0.7054631828978623 0.06711409395973154 0.14489311163895488
1 0.7441275167785235 0.7060570071258908 0.04530201342281879 0.14370546318289787
1 0.8062080536912751 0.7054631828978623 0.0587248322147651 0.14251781472684086
1 0.16610738255033558 0.8788598574821853 0.07046979865771812 0.07838479809976247
1 0.25083892617449666 0.8747030878859858 0.08557046979865772 0.07719714964370547
1 0.34395973154362414 0.8782660332541569 0.087248322147651 0.07719714964370547
1 0.4437919463087248 0.8770783847980999 0.09899328859060402 0.07719714964370547
1 0.552013422818792 0.8800475059382423 0.09395973154362416 0.07838479809976247
1 0.6434563758389261 0.8776722090261283 0.06543624161073826 0.08076009501187649
