0 0.5083892617449665 0.15617577197149646 0.8288590604026845 0.0819477434679335
0 0.5067114093959731 0.28800475059382424 0.8322147651006712 0.15795724465558195
0 0.5033557046979865 0.3984560570071259 0.825503355704698 0.032066508313539195
0 0.5100671140939598 0.5724465558194775 0.825503355704698 0.2850356294536817
0 0.5134228187919463 0.8070071258907364 0.8389261744966443 0.0985748218527316
1 0.2550335570469799 0.15558194774346795 0.3221476510067114 0.07838479809976247
1 0.6703020134228188 0.15676959619952494 0.4848993288590604 0.08076009501187649
1 0.25419463087248323 0.28978622327790976 0.31711409395973156 0.15201900237529692
1 0.6694630872483222 0.28800475059382424 0.4899328859060403 0.15320665083135393
1 0.2550335570469799 0.3996437054631829 0.3187919463087248 0.027315914489311165
1 0.6686241610738255 0.3990498812351544 0.4815436241610738 0.028503562945368172
1 0.12835570469798657 0.573040380047506 0.05536912751677852 0.2838479809976247
1 0.31208053691275167 0.5712589073634204 0.28523489932885904 0.2826603325415677
1 0.5310402684563759 0.571852731591449 0.1325503355704698 0.2814726840855107
1 0.7600671140939597 0.574228028503563 0.30201342281879195 0.2838479809976247
1 0.28942953020134227 0.8064133016627079 0.3775167785234899 0.09263657957244656
1 0.6996644295302014 0.8052256532066508 0.4228187919463087 0.09501187648456058
