0 0.5671140939597316 0.6247030878859858 0.8355704697986577 0.15439429928741094
0 0.5067114093959731 0.8343230403800476 0.714765100671141 0.1342042755344418
1 0.22315436241610737 0.6282660332541568 0.13087248322147652 0.15201900237529692
1 0.37080536912751677 0.6235154394299288 0.1476510067114094 0.1496437054631829
1 0.5763422818791947 0.6258907363420427 0.23993288590604026 0.15439429928741094
1 0.8456375838926175 0.6270783847980997 0.2785234899328859 0.15439429928741094
1 0.24328859060402683 0.8420427553444181 0.174496644295302 0.11876484560570072
1 0.4446308724832215 0.8420427553444181 0.20134228187919462 0.1163895486935867
1 0.6132550335570469 0.8408551068883611 0.11577181208053691 0.11876484560570072
1 0.712248322147651 0.8414489311163896 0.06879194630872483 0.1152019002375297
1 0.8070469798657718 0.8438242280285037 0.1040268456375839 0.11282660332541568
