0 0.50251677852349 0.3788598574821853 0.6963087248322147 0.5843230403800476
0 0.49748322147651003 0.826603325415677 0.8104026845637584 0.20190023752969122
1 0.21392617449664428 0.3770783847980998 0.11912751677852348 0.5783847980997625
1 0.4437919463087248 0.3800475059382423 0.313758389261745 0.5771971496437055
1 0.6728187919463087 0.3788598574821853 0.11073825503355704 0.5795724465558195
1 0.7902684563758389 0.3782660332541568 0.10738255033557047 0.5783847980997625
1 0.1459731543624161 0.82541567695962 0.11073825503355704 0.1971496437054632
1 0.23909395973154363 0.8271971496437055 0.0587248322147651 0.1983372921615202
1 0.34395973154362414 0.827790973871734 0.13087248322147652 0.1995249406175772
1 0.5041946308724832 0.8260095011876485 0.1593959731543624 0.20546318289786225
1 0.6652684563758389 0.82541567695962 0.14261744966442952 0.1971496437054632
1 0.825503355704698 0.8260095011876485 0.1476510067114094 0.2007125890736342
