0 0.5276845637583892 0.24881235154394302 0.7432885906040269 0.10332541567695963
0 0.5243288590604027 0.4934679334916865 0.7365771812080537 0.10570071258907364
0 0.5234899328859061 0.742874109263658 0.7382550335570469 0.07244655581947744
1 0.45805369127516776 0.247624703087886 0.5906040268456376 0.10570071258907364
1 0.8322147651006712 0.246437054631829 0.12416107382550336 0.10095011876484561
1 0.4597315436241611 0.4934679334916865 0.5973154362416108 0.10807600950118765
1 0.8305369127516778 0.49821852731591454 0.12416107382550336 0.11045130641330167
1 0.8909395973154363 0.5480997624703088 0.003355704697986577 0.010688836104513065
1 0.4588926174496644 0.746437054631829 0.5889261744966443 0.06769596199524941
1 0.8305369127516778 0.7434679334916865 0.1174496644295302 0.06413301662707839
