0 0.5058724832214765 0.4412114014251782 0.7600671140939597 0.17458432304038005
0 0.49916107382550334 0.7446555819477435 0.7667785234899329 0.1828978622327791
0 0.5075503355704698 0.12410926365795726 0.7533557046979865 0.0819477434679335
1 0.2911073825503356 0.12292161520190024 0.3070469798657718 0.07957244655581948
1 0.6652684563758389 0.12410926365795726 0.424496644295302 0.07957244655581948
1 0.2533557046979866 0.4412114014251782 0.2483221476510067 0.16270783847981
1 0.5402684563758389 0.44061757719714967 0.2885906040268456 0.17102137767220904
1 0.7902684563758389 0.44002375296912116 0.174496644295302 0.16508313539192399
1 0.18959731543624161 0.7434679334916865 0.13758389261744966 0.17339667458432304
1 0.3162751677852349 0.7446555819477435 0.08892617449664429 0.17814726840855108
1 0.4546979865771812 0.745249406175772 0.16778523489932887 0.1793349168646081
1 0.6241610738255033 0.7458432304038005 0.1342281879194631 0.17102137767220904
1 0.7911073825503355 0.7470308788598575 0.1761744966442953 0.17102137767220904
