0 0.5260067114093959 0.25712589073634207 0.8674496644295302 0.08907363420427554
0 0.5285234899328859 0.4756532066508314 0.8657718120805369 0.27909738717339666
0 0.5268456375838926 0.8034441805225654 0.8691275167785235 0.2125890736342043
1 0.10486577181208054 0.2595011876484561 0.025167785234899327 0.0819477434679335
1 0.23909395973154363 0.25771971496437057 0.22651006711409397 0.0831353919239905
1 0.42533557046979864 0.2595011876484561 0.11241610738255034 0.08669833729216152
1 0.6048657718120806 0.2583135391923991 0.2197986577181208 0.08432304038004751
1 0.8431208053691275 0.25653206650831356 0.2332214765100671 0.08076009501187649
1 0.10906040268456375 0.4774346793349169 0.020134228187919462 0.27315914489311166
1 0.24412751677852348 0.4780285035629454 0.22651006711409397 0.27434679334916867
1 0.41946308724832215 0.4780285035629454 0.1040268456375839 0.2767220902612827
1 0.5964765100671141 0.4786223277909739 0.22651006711409397 0.27078384798099764
1 0.8355704697986577 0.4768408551068884 0.23825503355704697 0.27434679334916867
1 0.10486577181208054 0.8016627078384798 0.028523489932885907 0.20902612826603326
1 0.24161073825503354 0.8046318289786224 0.22483221476510068 0.20783847980997625
1 0.41778523489932884 0.8016627078384798 0.11073825503355704 0.20427553444180524
1 0.5931208053691275 0.8064133016627079 0.2197986577181208 0.20902612826603326
1 0.8338926174496644 0.8040380047505938 0.24161073825503354 0.20902612826603326
