0 0.49412751677852346 0.4423990498812352 0.6728187919463087 0.08669833729216152
0 0.49161073825503354 0.7909738717339668 0.32550335570469796 0.15439429928741094
0 0.4949664429530201 0.23812351543942994 0.3859060402684564 0.22446555819477435
1 0.36073825503355705 0.2327790973871734 0.09731543624161074 0.22090261282660334
1 0.4488255033557047 0.23634204275534443 0.0587248322147651 0.2161520190023753
1 0.5310402684563759 0.23871733966745845 0.08557046979865772 0.2161520190023753
1 0.6308724832214765 0.23752969121140144 0.08389261744966443 0.22090261282660334
1 0.24664429530201343 0.4447743467933492 0.15771812080536912 0.08669833729216152
1 0.4286912751677852 0.4459619952494062 0.18288590604026844 0.07957244655581948
1 0.6149328859060402 0.4429928741092637 0.17953020134228187 0.08076009501187649
1 0.7709731543624161 0.4423990498812352 0.09899328859060402 0.0819477434679335
1 0.424496644295302 0.7897862232779098 0.18120805369127516 0.1496437054631829
1 0.5822147651006712 0.7921615201900238 0.12751677852348994 0.15676959619952494
