0 0.5 0.2773159144893112 0.761744966442953 0.06294536817102138
0 0.5176174496644296 0.6466745843230404 0.8003355704697986 0.45486935866983375
1 0.17197986577181207 0.2808788598574822 0.09563758389261745 0.05819477434679335
1 0.2709731543624161 0.2785035629453682 0.08221476510067113 0.05581947743467934
1 0.36828859060402686 0.2779097387173397 0.09563758389261745 0.057007125890736345
1 0.4513422818791946 0.2844418052256532 0.060402684563758385 0.06294536817102138
1 0.5503355704697986 0.2779097387173397 0.0738255033557047 0.057007125890736345
1 0.6342281879194631 0.27969121140142517 0.0738255033557047 0.05581947743467934
1 0.7214765100671141 0.2779097387173397 0.06711409395973154 0.05463182897862233
1 0.8204697986577181 0.2785035629453682 0.087248322147651 0.05581947743467934
1 0.14093959731543623 0.6454869358669834 0.03355704697986577 0.4453681710213777
1 0.35318791946308725 0.6448931116389549 0.3775167785234899 0.4465558194774347
1 0.6098993288590604 0.6442992874109263 0.10570469798657718 0.4501187648456057
1 0.7248322147651006 0.6448931116389549 0.10067114093959731 0.4465558194774347
1 0.8506711409395973 0.6466745843230404 0.12080536912751677 0.4453681710213777
