0 0.552013422818792 0.19299287410926366 0.8691275167785235 0.10570071258907364
0 0.5562080536912751 0.417458432304038 0.8708053691275167 0.2315914489311164
0 0.5385906040268457 0.661520190023753 0.8288590604026845 0.14014251781472684
0 0.5562080536912751 0.7951306413301663 0.8674496644295302 0.07244655581947744
0 0.5528523489932886 0.8978622327790974 0.8708053691275167 0.035629453681710214
1 0.15016778523489932 0.19358669833729217 0.05536912751677852 0.10451306413301663
1 0.311241610738255 0.19180522565320665 0.2332214765100671 0.10332541567695963
1 0.5478187919463087 0.19239904988123516 0.22315436241610737 0.0997624703087886
1 0.7432885906040269 0.19239904988123516 0.1442953020134228 0.10451306413301663
1 0.9026845637583892 0.19418052256532067 0.1476510067114094 0.10095011876484561
1 0.1535234899328859 0.4156769596199525 0.05536912751677852 0.2304038004750594
1 0.311241610738255 0.4180522565320665 0.23657718120805368 0.22802850356294538
1 0.5444630872483222 0.4192399049881235 0.20973154362416108 0.22802850356294538
1 0.7424496644295302 0.42042755344418054 0.15268456375838926 0.23515439429928742
1 0.9068791946308724 0.417458432304038 0.15268456375838926 0.2292161520190024
1 0.15100671140939598 0.6656769596199525 0.053691275167785234 0.13895486935866985
1 0.3070469798657718 0.66270783847981 0.23825503355704697 0.13539192399049882
1 0.5444630872483222 0.66270783847981 0.2030201342281879 0.13539192399049882
1 0.7424496644295302 0.66270783847981 0.1459731543624161 0.13776722090261284
1 0.886744966442953 0.6633016627078385 0.11577181208053691 0.13182897862232779
1 0.15268456375838926 0.7951306413301663 0.050335570469798654 0.07007125890736342
1 0.31291946308724833 0.7957244655581948 0.24328859060402683 0.06413301662707839
1 0.5503355704697986 0.7957244655581948 0.2080536912751678 0.0665083135391924
1 0.7424496644295302 0.7975059382422803 0.15268456375838926 0.07007125890736342
1 0.9093959731543624 0.7957244655581948 0.15100671140939598 0.06888361045130642
1 0.1518456375838926 0.8948931116389549 0.06208053691275168 0.032066508313539195
1 0.313758389261745 0.8990498812351544 0.2348993288590604 0.030878859857482188
1 0.549496644295302 0.90083135391924 0.20973154362416108 0.02969121140142518
1 0.7416107382550335 0.9002375296912114 0.15100671140939598 0.0332541567695962
1 0.9060402684563759 0.9002375296912114 0.15771812080536912 0.0332541567695962
