0 0.4983221476510067 0.16923990498812352 0.8288590604026845 0.16508313539192399
0 0.49916107382550334 0.38895486935866985 0.8305369127516778 0.16033254156769597
0 0.49916107382550334 0.5985748218527316 0.8271812080536912 0.13539192399049882
0 0.5008389261744967 0.8295724465558195 0.8238255033557047 0.19358669833729217
1 0.12583892617449663 0.16983372921615203 0.08053691275167785 0.16152019002375298
1 0.3808724832214765 0.16983372921615203 0.39932885906040266 0.163895486935867
1 0.6711409395973155 0.16983372921615203 0.1476510067114094 0.163895486935867
1 0.8338926174496644 0.17102137767220904 0.1476510067114094 0.166270783847981
1 0.12751677852348994 0.38895486935866985 0.08053691275167785 0.16033254156769597
1 0.337248322147651 0.38836104513064135 0.31208053691275167 0.16152019002375298
1 0.5721476510067114 0.39014251781472686 0.12416107382550336 0.16033254156769597
1 0.7072147651006712 0.39073634204275537 0.11912751677852348 0.15676959619952494
1 0.8439597315436241 0.39014251781472686 0.12416107382550336 0.16033254156769597
1 0.1098993288590604 0.5979809976247031 0.03859060402684564 0.1342042755344418
1 0.32046979865771813 0.5985748218527316 0.348993288590604 0.1330166270783848
1 0.5687919463087249 0.5961995249406176 0.12080536912751677 0.1330166270783848
1 0.7055369127516778 0.5961995249406176 0.12583892617449663 0.1330166270783848
1 0.8464765100671141 0.5991686460807601 0.12583892617449663 0.1342042755344418
1 0.22986577181208054 0.831353919239905 0.2684563758389262 0.19002375296912116
1 0.46057046979865773 0.834916864608076 0.16275167785234898 0.17814726840855108
1 0.6426174496644295 0.8378859857482186 0.16442953020134227 0.17695961995249407
1 0.8238255033557047 0.8378859857482186 0.16778523489932887 0.17695961995249407
