0 0.5134228187919463 0.22862232779097388 0.8053691275167785 0.2980997624703088
0 0.5159395973154363 0.5421615201900237 0.8171140939597316 0.2292161520190024
0 0.49328859060402686 0.8111638954869359 0.761744966442953 0.18527315914489312
1 0.15016778523489932 0.22862232779097388 0.07550335570469799 0.29572446555819476
1 0.23070469798657717 0.2298099762470309 0.06543624161073826 0.2980997624703088
1 0.4001677852348993 0.2298099762470309 0.25671140939597314 0.29572446555819476
1 0.5813758389261745 0.2298099762470309 0.07550335570469799 0.29572446555819476
1 0.6644295302013423 0.22862232779097388 0.060402684563758385 0.2980997624703088
1 0.8078859060402684 0.22862232779097388 0.2030201342281879 0.2980997624703088
1 0.15436241610738255 0.5344418052256532 0.08389261744966443 0.20665083135391926
1 0.3498322147651007 0.5332541567695962 0.2802013422818792 0.20902612826603326
1 0.5394295302013423 0.5338479809976248 0.08221476510067113 0.21021377672209027
1 0.639261744966443 0.5344418052256532 0.087248322147651 0.20902612826603326
1 0.8053691275167785 0.5385985748218528 0.22483221476510068 0.22209026128266035
1 0.16526845637583892 0.8117577197149644 0.1023489932885906 0.18171021377672208
1 0.33808724832214765 0.8111638954869359 0.2197986577181208 0.1805225653206651
1 0.6635906040268457 0.8111638954869359 0.401006711409396 0.1805225653206651
