0 0.5159395973154363 0.25415676959619954 0.8439597315436241 0.22327790973871736
0 0.49328859060402686 0.7945368171021377 0.8154362416107382 0.1995249406175772
1 0.11912751677852348 0.25653206650831356 0.053691275167785234 0.22327790973871736
1 0.2407718120805369 0.25415676959619954 0.1593959731543624 0.22090261282660334
1 0.5310402684563759 0.25415676959619954 0.38758389261744963 0.21852731591448932
1 0.7776845637583892 0.252375296912114 0.08221476510067113 0.2173396674584323
1 0.8741610738255033 0.252375296912114 0.09060402684563758 0.22446555819477435
1 0.13758389261744966 0.8064133016627079 0.087248322147651 0.17814726840855108
1 0.34815436241610737 0.75 0.3070469798657718 0.06769596199524941
1 0.610738255033557 0.7505938242280286 0.18120805369127516 0.07363420427553445
1 0.8078859060402684 0.7505938242280286 0.17953020134228187 0.07125890736342043
1 0.5453020134228188 0.8473871733966746 0.6946308724832214 0.08669833729216152
