0 0.4471476510067114 0.2143705463182898 0.6728187919463087 0.1983372921615202
0 0.514261744966443 0.4423990498812352 0.8070469798657718 0.1959619952494062
0 0.5092281879194631 0.6793349168646081 0.7936241610738255 0.17814726840855108
0 0.5058724832214765 0.8450118764845606 0.796979865771812 0.06294536817102138
1 0.19714765100671142 0.2137767220902613 0.1593959731543624 0.1971496437054632
1 0.4110738255033557 0.2137767220902613 0.2348993288590604 0.1971496437054632
1 0.6610738255033557 0.2155581947743468 0.2348993288590604 0.20308788598574823
1 0.18120805369127516 0.4441805225653207 0.12080536912751677 0.1971496437054632
1 0.2919463087248322 0.4429928741092637 0.07046979865771812 0.19477434679334918
1 0.3808724832214765 0.4412114014251782 0.08053691275167785 0.1959619952494062
1 0.47651006711409394 0.4429928741092637 0.08053691275167785 0.1995249406175772
1 0.5713087248322147 0.4423990498812352 0.08221476510067113 0.1959619952494062
1 0.6661073825503355 0.44061757719714967 0.08389261744966443 0.1995249406175772
1 0.7625838926174496 0.4435866983372922 0.07885906040268456 0.1983372921615202
1 0.8624161073825504 0.4429928741092637 0.09395973154362416 0.19477434679334918
1 0.2407718120805369 0.6787410926365796 0.24328859060402683 0.17695961995249407
1 0.4412751677852349 0.6775534441805225 0.12080536912751677 0.17458432304038005
1 0.6115771812080537 0.6799287410926366 0.18624161073825504 0.17458432304038005
1 0.8078859060402684 0.6799287410926366 0.17281879194630873 0.17695961995249407
1 0.21308724832214765 0.8461995249406176 0.19798657718120805 0.06294536817102138
1 0.3976510067114094 0.8461995249406176 0.13758389261744966 0.05819477434679335
1 0.6057046979865772 0.8438242280285037 0.2483221476510067 0.060570071258907364
1 0.8238255033557047 0.8461995249406176 0.15771812080536912 0.06294536817102138
