0 0.49412751677852346 0.11342042755344418 0.7634228187919463 0.10095011876484561
0 0.49161073825503354 0.27019002375296913 0.7718120805369127 0.10332541567695963
0 0.49161073825503354 0.4002375296912114 0.7718120805369127 0.08076009501187649
0 0.48825503355704697 0.5611638954869359 0.7583892617449665 0.1152019002375297
1 0.24664429530201343 0.11282660332541568 0.2651006711409396 0.0997624703087886
1 0.4412751677852349 0.11401425178147269 0.1040268456375839 0.10688836104513065
1 0.6090604026845637 0.11223277909738717 0.21140939597315436 0.10332541567695963
1 0.8028523489932886 0.1146080760095012 0.14261744966442952 0.09619952494061758
1 0.24161073825503354 0.27256532066508316 0.26174496644295303 0.10095011876484561
1 0.44211409395973156 0.27197149643705465 0.11577181208053691 0.10213776722090262
1 0.6140939597315436 0.27197149643705465 0.2080536912751678 0.10213776722090262
1 0.7986577181208053 0.27137767220902614 0.13758389261744966 0.09619952494061758
1 0.23993288590604026 0.3996437054631829 0.25838926174496646 0.07719714964370547
1 0.43875838926174493 0.4014251781472684 0.11241610738255034 0.08076009501187649
1 0.6040268456375839 0.3990498812351544 0.19463087248322147 0.07600950118764846
1 0.7953020134228188 0.4020190023752969 0.15771812080536912 0.0819477434679335
1 0.24161073825503354 0.5635391923990499 0.26174496644295303 0.11045130641330167
1 0.4395973154362416 0.5629453681710214 0.11073825503355704 0.11401425178147269
1 0.6098993288590604 0.5605700712589073 0.20973154362416108 0.10926365795724466
1 0.796979865771812 0.5641330166270784 0.13087248322147652 0.10926365795724466
