0 0.8403562119895742 0.10185486495281483 0.31146828844483054 0.05011389521640091
0 0.4986967854039965 0.40074845427920597 0.9887054735013031 0.48909860071591277
1 0.7211120764552562 0.10071591278880572 0.06950477845351867 0.04783599088838268
1 0.813640312771503 0.09957696062479661 0.09817549956559513 0.04555808656036446
1 0.8924847958297133 0.10348193947282784 0.05082536924413553 0.0488122356003905
1 0.9606863596872285 0.10250569476082004 0.059513466550825365 0.0488122356003905
1 0.06146828844483058 0.3861047835990888 0.11164205039096438 0.4663195574357305
1 0.14965247610773239 0.38708102831109664 0.05343179843614248 0.4643670680117149
1 0.2539096437880104 0.3914741295151318 0.13770634231103387 0.4640416531077123
1 0.35816681146828844 0.38984705499511874 0.059513466550825365 0.4653433127237227
1 0.4126846220677671 0.3887081028311096 0.034752389226759335 0.4611129189716889
1 0.44874022589053 0.39033517735112266 0.03214596003475239 0.45981125935567846
1 0.4921807124239791 0.3887081028311096 0.03214596003475239 0.4611129189716889
1 0.5377932232841007 0.38821998047510575 0.04778453518679409 0.4666449723397331
1 0.5840573414422241 0.38935893263911486 0.03344917463075586 0.4643670680117149
1 0.6615986099044309 0.39960950211519686 0.1155516941789748 0.48942401561991533
1 0.7541268462206776 0.4018874064432151 0.06081668114682884 0.491376505043931
1 0.8375325803649001 0.40123657663520984 0.08514335360556037 0.49007484542792057
1 0.9496090356211989 0.40009762447120073 0.07819287576020852 0.4904002603319232
