0 0.4983221476510067 0.5629453681710214 0.7986577181208053 0.19477434679334918
0 0.5 0.7684085510688836 0.8087248322147651 0.15914489311163896
1 0.14681208053691275 0.5653206650831354 0.09563758389261745 0.19477434679334918
1 0.35318791946308725 0.5623515439429929 0.29697986577181207 0.18883610451306415
1 0.5587248322147651 0.5641330166270784 0.08389261744966443 0.18527315914489312
1 0.6593959731543624 0.5617577197149644 0.1040268456375839 0.1828978622327791
1 0.7558724832214765 0.5623515439429929 0.06208053691275168 0.18646080760095013
1 0.8498322147651006 0.5629453681710214 0.09563758389261745 0.18527315914489312
1 0.1459731543624161 0.7672209026128266 0.10738255033557047 0.15914489311163896
1 0.35151006711409394 0.7678147268408552 0.28691275167785235 0.1508313539192399
1 0.5595637583892618 0.7707838479809976 0.09228187919463086 0.14489311163895488
1 0.6694630872483222 0.7690023752969122 0.09395973154362416 0.15558194774346795
1 0.7558724832214765 0.7678147268408552 0.06208053691275168 0.15558194774346795
1 0.8464765100671141 0.7690023752969122 0.09563758389261745 0.1508313539192399
