0 0.06450071667462971 0.054715840386940745 0.11944577161968466 0.10096735187424426
0 0.22121356903965597 0.06348246674727932 0.1557572861920688 0.10278113663845223
0 0.37577639751552794 0.05773881499395405 0.1275680840898232 0.09854897218863361
0 0.5164835164835164 0.06166868198307134 0.12900143334925943 0.10640870616686819
0 0.7078356426182513 0.05955259975816203 0.2374581939799331 0.09854897218863361
0 0.9163879598662207 0.06257557436517533 0.14524605828953654 0.10459492140266022
0 0.05637840420449116 0.5574365175332527 0.09746774964166267 0.864570737605804
0 0.16626851409460106 0.5574365175332527 0.1003344481605351 0.864570737605804
0 0.356426182513139 0.5553204353083434 0.25800286669851885 0.8567110036275695
0 0.554945054945055 0.5544135429262393 0.09698996655518394 0.8585247883917775
0 0.6655518394648829 0.5574365175332527 0.09842331581462016 0.8561064087061668
0 0.7747252747252746 0.559552599758162 0.10367892976588629 0.8567110036275695
0 0.862876254180602 0.56136638452237 0.05733397037744863 0.8603385731559855
0 0.9235547061634017 0.560459492140266 0.04491161012900143 0.8585247883917775
0 0.9737219302436694 0.56136638452237 0.04586717630195891 0.8603385731559855
