0 0.44211409395973156 0.45486935866983375 0.6459731543624161 0.4608076009501188
0 0.3808724832214765 0.7957244655581948 0.5201342281879194 0.1330166270783848
1 0.24916107382550334 0.45427553444180524 0.24328859060402683 0.4596199524940618
1 0.412751677852349 0.45546318289786225 0.050335570469798654 0.4596199524940618
1 0.49412751677852346 0.45546318289786225 0.08557046979865772 0.45486935866983375
1 0.6124161073825504 0.45546318289786225 0.11409395973154363 0.4596199524940618
1 0.7214765100671141 0.45546318289786225 0.0738255033557047 0.4596199524940618
1 0.17365771812080535 0.7957244655581948 0.08892617449664429 0.1330166270783848
1 0.2919463087248322 0.7957244655581948 0.11409395973154363 0.1306413301662708
1 0.4261744966442953 0.7957244655581948 0.12080536912751677 0.1306413301662708
1 0.5679530201342282 0.7951306413301663 0.12248322147651007 0.1294536817102138
