0 0.5112336601307189 0.5995896464646465 0.9652777777777778 0.5722853535353536
0 0.4963235294117647 0.9348169191919192 0.9354575163398693 0.0893308080808081
0 0.513888888888889 0.18087121212121213 0.9681372549019608 0.04861111111111111
1 0.07066993464052287 0.1792929292929293 0.07598039215686275 0.041035353535353536
1 0.1687091503267974 0.1819760101010101 0.10866013071895425 0.04008838383838384
1 0.2667483660130719 0.18560606060606064 0.07352941176470588 0.042929292929292935
1 0.3443627450980392 0.18150252525252528 0.07352941176470588 0.041035353535353536
1 0.4164624183006536 0.18244949494949497 0.06004901960784314 0.036616161616161616
1 0.4587418300653595 0.18150252525252528 0.024509803921568627 0.041035353535353536
1 0.5845588235294118 0.181344696969697 0.2246732026143791 0.032512626262626264
1 0.8135212418300654 0.17881944444444445 0.20547385620915035 0.03377525252525253
1 0.9618055555555556 0.1819760101010101 0.06413398692810458 0.03377525252525253
1 0.07148692810457516 0.6002209595959597 0.07761437908496732 0.5672348484848485
1 0.15298202614379086 0.6002209595959597 0.06658496732026144 0.5672348484848485
1 0.22937091503267976 0.6013257575757577 0.06413398692810458 0.5650252525252526
1 0.3104575163398693 0.5981691919191919 0.07352941176470588 0.5650252525252526
1 0.573733660130719 0.6000631313131314 0.43423202614379086 0.5650252525252526
1 0.8310866013071896 0.5995896464646465 0.05841503267973856 0.5703914141414141
1 0.9136029411764706 0.5991161616161617 0.07883986928104575 0.5669191919191919
1 0.9673202614379085 0.6022727272727273 0.012254901960784314 0.5713383838383839
1 0.985702614379085 0.5964330808080809 0.010620915032679739 0.5640782828282829
1 0.07066993464052287 0.900094696969697 0.07352941176470588 0.013573232323232324
1 0.16115196078431374 0.9016729797979799 0.07230392156862746 0.010416666666666668
1 0.23488562091503268 0.8989898989898991 0.06127450980392157 0.011363636363636364
1 0.3145424836601307 0.8989898989898991 0.08169934640522876 0.01388888888888889
1 0.5506535947712419 0.8985164141414143 0.37173202614379086 0.010416666666666668
1 0.8065767973856209 0.9305555555555556 0.1213235294117647 0.07891414141414142
1 0.9195261437908497 0.9299242424242425 0.0857843137254902 0.07575757575757576
