0 0.4983221476510067 0.4851543942992874 0.8120805369127516 0.16033254156769597
0 0.5075503355704698 0.75 0.8204697986577181 0.14370546318289787
1 0.15268456375838926 0.4845605700712589 0.1040268456375839 0.15676959619952494
1 0.375 0.4833729216152019 0.31711409395973156 0.15914489311163896
1 0.5947986577181208 0.4845605700712589 0.09228187919463086 0.15676959619952494
1 0.6912751677852349 0.49049881235154397 0.07718120805369127 0.15914489311163896
1 0.7785234899328859 0.48812351543942994 0.07718120805369127 0.15914489311163896
1 0.8674496644295302 0.48990498812351546 0.07718120805369127 0.16508313539192399
1 0.15268456375838926 0.7541567695961996 0.1040268456375839 0.1472684085510689
1 0.3783557046979866 0.748812351543943 0.32046979865771813 0.1460807600950119
1 0.5906040268456376 0.751187648456057 0.087248322147651 0.14370546318289787
1 0.6895973154362416 0.7517814726840856 0.0738255033557047 0.13776722090261284
1 0.7802013422818792 0.751187648456057 0.06711409395973154 0.1342042755344418
1 0.8649328859060402 0.752375296912114 0.0721476510067114 0.13657957244655583
