0 0.49580536912751677 0.16864608076009502 0.8204697986577181 0.20427553444180524
0 0.4949664429530201 0.5362232779097388 0.8221476510067114 0.11757719714964371
0 0.4983221476510067 0.7731591448931117 0.8288590604026845 0.1828978622327791
1 0.14848993288590603 0.16864608076009502 0.11577181208053691 0.20427553444180524
1 0.3238255033557047 0.17042755344418054 0.19798657718120805 0.20546318289786225
1 0.5973154362416108 0.16983372921615203 0.3187919463087248 0.20665083135391926
1 0.837248322147651 0.16864608076009502 0.13087248322147652 0.20427553444180524
1 0.23657718120805368 0.5356294536817102 0.30201342281879195 0.11401425178147269
1 0.4723154362416107 0.5368171021377672 0.13590604026845637 0.1163895486935867
1 0.6048657718120806 0.5374109263657958 0.1023489932885906 0.11995249406175773
1 0.7206375838926175 0.5356294536817102 0.09899328859060402 0.1163895486935867
1 0.8406040268456376 0.5362232779097388 0.11409395973154363 0.11995249406175773
1 0.10822147651006711 0.7743467933491687 0.04194630872483222 0.18764845605700714
1 0.26929530201342283 0.7725653206650832 0.2533557046979866 0.18171021377672208
1 0.47063758389261745 0.7731591448931117 0.11577181208053691 0.1828978622327791
1 0.5922818791946308 0.7737529691211402 0.09395973154362416 0.18171021377672208
1 0.7785234899328859 0.7749406175771972 0.2550335570469799 0.18646080760095013
