0 0.49916107382550334 0.16092636579572447 0.6191275167785235 0.16270783847981
0 0.49748322147651003 0.3842042755344418 0.62248322147651 0.1983372921615202
0 0.4983221476510067 0.6353919239904988 0.6174496644295302 0.20902612826603326
0 0.4924496644295302 0.8396674584323041 0.6124161073825504 0.10688836104513065
1 0.3011744966442953 0.16270783847981 0.21308724832214765 0.16152019002375298
1 0.4488255033557047 0.15914489311163896 0.0587248322147651 0.15439429928741094
1 0.5369127516778524 0.16508313539192399 0.087248322147651 0.15914489311163896
1 0.6375838926174496 0.15795724465558195 0.09060402684563758 0.15676959619952494
1 0.7491610738255033 0.16152019002375298 0.11241610738255034 0.15914489311163896
1 0.3053691275167785 0.3842042755344418 0.22818791946308725 0.19358669833729217
1 0.4647651006711409 0.3847980997624703 0.06711409395973154 0.1971496437054632
1 0.5486577181208053 0.3853919239904988 0.08053691275167785 0.1959619952494062
1 0.6426174496644295 0.3859857482185273 0.087248322147651 0.19477434679334918
1 0.7541946308724832 0.3847980997624703 0.11241610738255034 0.1971496437054632
1 0.299496644295302 0.6365795724465558 0.2063758389261745 0.20665083135391926
1 0.44798657718120805 0.6347980997624704 0.07718120805369127 0.20783847980997625
1 0.5402684563758389 0.6359857482185274 0.087248322147651 0.21021377672209027
1 0.6359060402684563 0.6347980997624704 0.087248322147651 0.20783847980997625
1 0.74748322147651 0.6365795724465558 0.11577181208053691 0.20427553444180524
1 0.30788590604026844 0.8420427553444181 0.2197986577181208 0.10688836104513065
1 0.46308724832214765 0.8396674584323041 0.06711409395973154 0.10451306413301663
1 0.5503355704697986 0.8426365795724466 0.087248322147651 0.11045130641330167
1 0.6501677852348993 0.838479809976247 0.08557046979865772 0.11163895486935868
1 0.7491610738255033 0.8408551068883611 0.09228187919463086 0.10213776722090262
