0 0.49816176470588236 0.6196338383838385 0.8852124183006537 0.6294191919191919
0 0.7303921568627452 0.25931186868686873 0.39869281045751637 0.038825757575757576
0 0.7312091503267975 0.1829229797979798 0.39215686274509803 0.0653409090909091
1 0.6139705882352942 0.18087121212121213 0.14460784313725492 0.05492424242424243
1 0.8059640522875817 0.18150252525252528 0.22630718954248366 0.05366161616161617
1 0.5968137254901961 0.2582070707070707 0.11029411764705882 0.039141414141414144
1 0.7303921568627452 0.2566287878787879 0.11274509803921569 0.03977272727272728
1 0.8705065359477124 0.25931186868686873 0.11029411764705882 0.038825757575757576
1 0.09579248366013073 0.6175820707070707 0.08292483660130719 0.6208964646464648
1 0.23202614379084968 0.6196338383838385 0.14052287581699346 0.6186868686868687
1 0.42667483660130723 0.6196338383838385 0.1621732026143791 0.6186868686868687
1 0.5751633986928105 0.6180555555555556 0.09395424836601307 0.6237373737373738
1 0.6772875816993464 0.6196338383838385 0.06944444444444445 0.6268939393939394
1 0.7700163398692811 0.6196338383838385 0.10212418300653595 0.625
1 0.891748366013072 0.6207386363636365 0.08986928104575163 0.6291035353535354
