0 0.50251677852349 0.4922802850356295 0.8406040268456376 0.14370546318289787
0 0.5067114093959731 0.6781472684085511 0.8456375838926175 0.15439429928741094
0 0.5008389261744967 0.8562945368171022 0.8238255033557047 0.12351543942992875
1 0.3901006711409396 0.4922802850356295 0.598993288590604 0.14370546318289787
1 0.8087248322147651 0.4946555819477435 0.2080536912751678 0.13895486935866985
1 0.3238255033557047 0.6787410926365796 0.4563758389261745 0.15320665083135393
1 0.6098993288590604 0.6793349168646081 0.1023489932885906 0.15439429928741094
1 0.7953020134228188 0.6799287410926366 0.24161073825503354 0.16033254156769597
1 0.28187919463087246 0.8598574821852732 0.37583892617449666 0.1163895486935867
1 0.5067114093959731 0.8557007125890737 0.09395973154362416 0.12470308788598575
1 0.610738255033557 0.8557007125890737 0.09731543624161074 0.1152019002375297
1 0.7197986577181208 0.8557007125890737 0.08389261744966443 0.1152019002375297
1 0.839765100671141 0.8586698337292162 0.11577181208053691 0.11401425178147269
