0 0.348993288590604 0.19061757719714964 0.47651006711409394 0.12470308788598575
0 0.49748322147651003 0.4435866983372922 0.7734899328859061 0.3171021377672209
0 0.3036912751677852 0.7701900237529692 0.37919463087248323 0.27434679334916867
1 0.20134228187919462 0.2155581947743468 0.17114093959731544 0.07482185273159145
1 0.36912751677852346 0.2149643705463183 0.14093959731543623 0.07363420427553445
1 0.5167785234899329 0.2173396674584323 0.12080536912751677 0.07363420427553445
1 0.16275167785234898 0.411520190023753 0.09395973154362416 0.0819477434679335
1 0.2885906040268456 0.410332541567696 0.13087248322147652 0.07957244655581948
1 0.398489932885906 0.45605700712589076 0.0587248322147651 0.2945368171021378
1 0.4924496644295302 0.45368171021377673 0.08892617449664429 0.2945368171021378
1 0.6048657718120806 0.45427553444180524 0.1023489932885906 0.2933491686460808
1 0.7181208053691275 0.45546318289786225 0.09060402684563758 0.2933491686460808
1 0.8288590604026845 0.45427553444180524 0.087248322147651 0.29572446555819476
1 0.15855704697986578 0.5593824228028503 0.09563758389261745 0.08551068883610452
1 0.287751677852349 0.5576009501187649 0.12248322147651007 0.08432304038004751
1 0.1568791946308725 0.7494061757719715 0.08892617449664429 0.0831353919239905
1 0.27432885906040266 0.7458432304038005 0.09899328859060402 0.08076009501187649
1 0.42197986577181207 0.7494061757719715 0.13590604026845637 0.07838479809976247
1 0.16023489932885907 0.8681710213776722 0.09228187919463086 0.07600950118764846
1 0.2860738255033557 0.8717339667458432 0.11912751677852348 0.07125890736342043
1 0.43288590604026844 0.8711401425178148 0.11409395973154363 0.07244655581947744
