0 0.5036764705882353 0.44823232323232326 0.9861111111111112 0.20833333333333334
0 0.49550653594771243 0.1213699494949495 0.9640522875816994 0.11458333333333334
1 0.037377450980392156 0.44649621212121215 0.05024509803921569 0.20296717171717174
1 0.1497140522875817 0.44760101010101017 0.15236928104575165 0.2051767676767677
1 0.29187091503267976 0.44665404040404044 0.1156045751633987 0.19886363636363638
1 0.44240196078431376 0.4498106060606061 0.06781045751633988 0.2051767676767677
1 0.5008169934640523 0.4496527777777778 0.04084967320261438 0.20738636363636365
1 0.5757761437908497 0.45012626262626265 0.07883986928104575 0.20202020202020204
1 0.6535947712418301 0.4528093434343435 0.049019607843137254 0.20296717171717174
1 0.7277369281045751 0.449179292929293 0.09109477124183007 0.20202020202020204
1 0.826388888888889 0.45012626262626265 0.07598039215686275 0.20202020202020204
1 0.9360702614379085 0.4471275252525253 0.10743464052287582 0.19791666666666669
1 0.07741013071895425 0.12200126262626264 0.1090686274509804 0.11142676767676768
1 0.24754901960784315 0.12152777777777779 0.15522875816993464 0.11679292929292931
1 0.5343137254901961 0.12452651515151517 0.1781045751633987 0.11900252525252526
1 0.829248366013072 0.1204229797979798 0.2696078431372549 0.11458333333333334
1 0.6058006535947713 0.6444128787878789 0.17973856209150327 0.09375000000000001
1 0.9393382352941176 0.6453598484848485 0.09272875816993464 0.10195707070707072
