0 0.5486577181208053 0.3028503562945368 0.8154362416107382 0.11163895486935868
0 0.5486577181208053 0.7244655581947744 0.8087248322147651 0.1805225653206651
1 0.16191275167785235 0.3022565320665083 0.03523489932885906 0.10807600950118765
1 0.30788590604026844 0.3004750593824228 0.22986577181208054 0.10451306413301663
1 0.6090604026845637 0.3016627078384798 0.3422818791946309 0.10688836104513065
1 0.8708053691275167 0.30463182897862234 0.1610738255033557 0.10570071258907364
1 0.16610738255033558 0.7238717339667459 0.03691275167785235 0.1793349168646081
1 0.31208053691275167 0.7244655581947744 0.2348993288590604 0.1805225653206651
1 0.6098993288590604 0.7256532066508314 0.33053691275167785 0.17577197149643706
1 0.8699664429530202 0.7250593824228029 0.16275167785234898 0.17220902612826605
