0 0.5008389261744967 0.3800475059382423 0.8104026845637584 0.33966745843230406
0 0.49161073825503354 0.752375296912114 0.8087248322147651 0.24346793349168647
1 0.24916107382550334 0.3806413301662708 0.29697986577181207 0.34085510688836107
1 0.4681208053691275 0.3794536817102138 0.1174496644295302 0.33847980997624705
1 0.5922818791946308 0.3782660332541568 0.10067114093959731 0.336104513064133
1 0.7105704697986577 0.3788598574821853 0.10906040268456375 0.33966745843230406
1 0.8364093959731543 0.3824228028503563 0.11241610738255034 0.3420427553444181
1 0.1417785234899329 0.7529691211401426 0.09563758389261745 0.23990498812351546
1 0.22986577181208054 0.753562945368171 0.050335570469798654 0.24109263657957244
1 0.30453020134228187 0.7541567695961996 0.0721476510067114 0.24228028503562946
1 0.4052013422818792 0.7541567695961996 0.10906040268456375 0.24465558194774348
1 0.535234899328859 0.751187648456057 0.12080536912751677 0.24109263657957244
1 0.6568791946308725 0.752375296912114 0.08892617449664429 0.24346793349168647
1 0.7567114093959731 0.754750593824228 0.07046979865771812 0.24109263657957244
1 0.8456375838926175 0.7553444180522566 0.087248322147651 0.24228028503562946
