0 0.49916107382550334 0.27197149643705465 0.7634228187919463 0.3776722090261283
0 0.49916107382550334 0.7024940617577198 0.7634228187919463 0.4263657957244656
1 0.2256711409395973 0.27078384798099764 0.1929530201342282 0.37292161520190026
1 0.462248322147651 0.27256532066508316 0.23993288590604026 0.37410926365795727
1 0.6635906040268457 0.27137767220902614 0.12583892617449663 0.3764845605700713
1 0.8036912751677853 0.27256532066508316 0.12416107382550336 0.37410926365795727
1 0.22315436241610737 0.7019002375296912 0.1912751677852349 0.4251781472684086
1 0.46140939597315433 0.7030878859857482 0.23825503355704697 0.4251781472684086
1 0.6669463087248322 0.7019002375296912 0.1325503355704698 0.4275534441805226
1 0.8145973154362416 0.7030878859857482 0.11577181208053691 0.4251781472684086
