0 0.32046979865771813 0.14014251781472684 0.5503355704697986 0.08076009501187649
0 0.49748322147651003 0.3824228028503563 0.9010067114093959 0.28028503562945367
0 0.5058724832214765 0.6342042755344418 0.8976510067114094 0.14014251781472684
0 0.4597315436241611 0.8176959619952494 0.8087248322147651 0.16508313539192399
1 0.12080536912751677 0.13657957244655583 0.1476510067114094 0.08076009501187649
1 0.30788590604026844 0.14311163895486936 0.19630872483221476 0.07244655581947744
1 0.5033557046979865 0.14133016627078385 0.17114093959731544 0.08551068883610452
1 0.08473154362416108 0.4180522565320665 0.07885906040268456 0.20902612826603326
1 0.44798657718120805 0.416270783847981 0.62751677852349 0.20783847980997625
1 0.8565436241610738 0.3984560570071259 0.18288590604026844 0.24346793349168647
1 0.8783557046979865 0.3794536817102138 0.12583892617449663 0.27197149643705465
1 0.32466442953020136 0.6359857482185274 0.5184563758389261 0.13182897862232779
1 0.6828859060402684 0.6359857482185274 0.18120805369127516 0.1342042755344418
1 0.8733221476510067 0.6318289786223278 0.17281879194630873 0.12826603325415678
1 0.3338926174496644 0.8188836104513064 0.5469798657718121 0.16270783847981
1 0.674496644295302 0.818289786223278 0.10738255033557047 0.15439429928741094
1 0.799496644295302 0.7779097387173397 0.11912751677852348 0.08076009501187649
1 0.12248322147651007 0.8574821852731592 0.11409395973154363 0.07838479809976247
1 0.375 0.8592636579572447 0.3674496644295302 0.07482185273159145
1 0.589765100671141 0.8509501187648456 0.025167785234899327 0.10095011876484561
