0 0.45805369127516776 0.1336104513064133 0.5402684563758389 0.1152019002375297
0 0.3934563758389262 0.48990498812351546 0.3976510067114094 0.18171021377672208
1 0.24664429530201343 0.13954869358669833 0.1174496644295302 0.11045130641330167
1 0.37667785234899326 0.13657957244655583 0.11241610738255034 0.10926365795724466
1 0.4966442953020134 0.1342042755344418 0.11073825503355704 0.1163895486935867
1 0.6057046979865772 0.1342042755344418 0.07718120805369127 0.11876484560570072
1 0.6912751677852349 0.1336104513064133 0.07046979865771812 0.11045130641330167
1 0.23909395973154363 0.4934679334916865 0.08557046979865772 0.18171021377672208
1 0.33557046979865773 0.48752969121140144 0.08389261744966443 0.17695961995249407
1 0.4337248322147651 0.48990498812351546 0.08221476510067113 0.1840855106888361
1 0.535234899328859 0.48990498812351546 0.09731543624161074 0.1840855106888361
