0 0.045627376425855515 0.5012254901960784 0.06463878326996197 0.9877450980392156
0 0.10646387832699619 0.5012254901960784 0.04182509505703422 0.9877450980392156
0 0.15779467680608364 0.5012254901960784 0.045627376425855515 0.9877450980392156
0 0.21007604562737642 0.5012254901960784 0.043726235741444866 0.9877450980392156
0 0.2623574144486692 0.5012254901960784 0.04182509505703422 0.9877450980392156
0 0.311787072243346 0.5012254901960784 0.045627376425855515 0.9877450980392156
0 0.36406844106463876 0.5012254901960784 0.04752851711026616 0.9877450980392156
0 0.41634980988593157 0.5012254901960784 0.04182509505703422 0.9877450980392156
0 0.467680608365019 0.5012254901960784 0.045627376425855515 0.9877450980392156
0 0.5209125475285171 0.5012254901960784 0.045627376425855515 0.9877450980392156
0 0.5741444866920152 0.5012254901960784 0.04182509505703422 0.9877450980392156
0 0.6245247148288974 0.5012254901960784 0.039923954372623575 0.9877450980392156
0 0.6739543726235742 0.5012254901960784 0.043726235741444866 0.9877450980392156
0 0.7271863117870723 0.5 0.04752851711026616 0.9852941176470588
0 0.7813688212927756 0.5012254901960784 0.045627376425855515 0.9877450980392156
0 0.8317490494296578 0.5012254901960784 0.039923954372623575 0.9877450980392156
0 0.9230038022813688 0.5012254901960784 0.12737642585551331 0.9877450980392156
