0 0.50251677852349 0.14786223277909738 0.6560402684563759 0.060570071258907364
0 0.4697986577181208 0.411520190023753 0.5134228187919463 0.18883610451306415
1 0.22483221476510068 0.1472684085510689 0.09395973154362416 0.06413301662707839
1 0.3540268456375839 0.14786223277909738 0.1476510067114094 0.06294536817102138
1 0.5528523489932886 0.1502375296912114 0.2197986577181208 0.053444180522565325
1 0.75251677852349 0.14786223277909738 0.1493288590604027 0.05819477434679335
1 0.3070469798657718 0.413895486935867 0.18456375838926173 0.18646080760095013
1 0.44798657718120805 0.4109263657957245 0.07046979865771812 0.18764845605700714
1 0.5226510067114094 0.4109263657957245 0.06543624161073826 0.18527315914489312
1 0.6031879194630873 0.41270783847981 0.06879194630872483 0.18171021377672208
1 0.6870805369127516 0.413895486935867 0.0587248322147651 0.1840855106888361
