0 0.4924496644295302 0.21199524940617578 0.8137583892617449 0.14133016627078385
0 0.49161073825503354 0.4649643705463183 0.8154362416107382 0.1342042755344418
1 0.1929530201342282 0.2125890736342043 0.20134228187919462 0.13776722090261284
1 0.42785234899328856 0.2125890736342043 0.13087248322147652 0.14251781472684086
1 0.6166107382550335 0.21140142517814728 0.12583892617449663 0.14251781472684086
1 0.7953020134228188 0.2137767220902613 0.15100671140939598 0.14251781472684086
1 0.20134228187919462 0.4655581947743468 0.2348993288590604 0.1330166270783848
1 0.44798657718120805 0.4625890736342043 0.2080536912751678 0.13182897862232779
1 0.6417785234899329 0.46437054631828983 0.1593959731543624 0.12826603325415678
1 0.8137583892617449 0.46437054631828983 0.16442953020134227 0.13539192399049882
