0 0.4608091024020228 0.49794745484400654 0.9115044247787611 0.7249589490968801
1 0.04361567635903919 0.5008210180623973 0.06826801517067005 0.722495894909688
1 0.027338811630847032 0.5067733990147784 0.029393173198482937 0.6990968801313628
1 0.06036662452591657 0.5075944170771757 0.028445006321112517 0.7007389162561576
1 0.12152338811630849 0.5 0.07048040455120101 0.7183908045977011
1 0.22914032869785084 0.5 0.12958280657395702 0.7183908045977011
1 0.33596713021491786 0.5 0.03982300884955753 0.715927750410509
1 0.3727876106194691 0.49794745484400654 0.029393173198482937 0.722495894909688
1 0.41656131479140335 0.49589490968801314 0.0347661188369153 0.715927750410509
1 0.45496207332490524 0.5 0.0274968394437421 0.715927750410509
1 0.49984197218710497 0.49938423645320196 0.04519595448798989 0.7196223316912972
1 0.5630530973451328 0.49938423645320196 0.07048040455120101 0.7196223316912972
1 0.6283185840707965 0.49794745484400654 0.04551201011378003 0.7167487684729064
1 0.722503160556258 0.4987684729064039 0.12642225031605564 0.7183908045977011
1 0.8369152970922883 0.4985632183908046 0.039190897597977246 0.7155172413793103
1 0.8895385587863465 0.49712643678160917 0.049620733249051835 0.7183908045977011
