0 0.49916107382550334 0.37410926365795727 0.9010067114093959 0.4798099762470309
0 0.4890939597315436 0.7256532066508314 0.9010067114093959 0.166270783847981
1 0.14261744966442952 0.37410926365795727 0.16442953020134227 0.4798099762470309
1 0.30201342281879195 0.3747030878859858 0.11409395973154363 0.4786223277909739
1 0.4446308724832215 0.37351543942992876 0.1342281879194631 0.4786223277909739
1 0.6006711409395973 0.3752969121140143 0.13087248322147652 0.4845605700712589
1 0.75 0.37351543942992876 0.12416107382550336 0.48099762470308793
1 0.8842281879194631 0.3747030878859858 0.10738255033557047 0.4786223277909739
1 0.17030201342281878 0.7256532066508314 0.23993288590604026 0.166270783847981
1 0.38338926174496646 0.7268408551068883 0.1493288590604027 0.166270783847981
1 0.6635906040268457 0.7268408551068883 0.37416107382550334 0.16864608076009502
1 0.9001677852348993 0.7262470308788599 0.06208053691275168 0.16508313539192399
