0 0.49836601307189543 0.5612373737373738 0.8415032679738562 0.7436868686868687
0 0.821078431372549 0.11710858585858587 0.21241830065359477 0.05366161616161617
1 0.7475490196078431 0.117739898989899 0.057189542483660136 0.04608585858585859
1 0.8529411764705883 0.11821338383838385 0.1454248366013072 0.045138888888888895
1 0.13480392156862744 0.5612373737373738 0.08986928104575163 0.735479797979798
1 0.26123366013071897 0.5612373737373738 0.15236928104575165 0.7373737373737375
1 0.5159313725490197 0.5590277777777778 0.3431372549019608 0.7291666666666667
1 0.7222222222222222 0.560763888888889 0.06127450980392157 0.7364267676767677
1 0.7910539215686275 0.5612373737373738 0.0625 0.7310606060606061
1 0.8698937908496732 0.5596590909090909 0.08455882352941177 0.7323232323232324
