0 0.5486577181208053 0.1508313539192399 0.8087248322147651 0.15439429928741094
0 0.5268456375838926 0.5415676959619953 0.7885906040268457 0.16864608076009502
1 0.34563758389261745 0.1496437054631829 0.38926174496644295 0.15439429928741094
1 0.7516778523489933 0.1508313539192399 0.3926174496644295 0.15201900237529692
1 0.21895973154362416 0.5421615201900237 0.1493288590604027 0.16983372921615203
1 0.33305369127516776 0.5409738717339667 0.04194630872483222 0.167458432304038
1 0.4169463087248322 0.5421615201900237 0.09228187919463086 0.167458432304038
1 0.5302013422818792 0.5427553444180523 0.09395973154362416 0.16864608076009502
1 0.6426174496644295 0.5427553444180523 0.09060402684563758 0.16864608076009502
1 0.7516778523489933 0.5421615201900237 0.09060402684563758 0.167458432304038
1 0.8640939597315436 0.5427553444180523 0.09060402684563758 0.16864608076009502
