0 0.49892818863879956 0.49526066350710907 0.9764201500535905 0.9786729857819906
1 0.07502679528403002 0.5254739336492892 0.1157556270096463 0.9158767772511849
1 0.17738478027867094 0.5112559241706162 0.05894962486602358 0.9419431279620853
1 0.2540192926045016 0.5130331753554502 0.06430868167202572 0.9454976303317536
1 0.3317256162915327 0.5112559241706162 0.05680600214362272 0.9419431279620853
1 0.40943193997856375 0.512440758293839 0.06430868167202572 0.9419431279620853
1 0.5010718113612004 0.509478672985782 0.10610932475884244 0.9431279620853081
1 0.62486602357985 0.5112559241706162 0.08360128617363344 0.9443127962085309
1 0.7433011789924973 0.5112559241706162 0.1082529474812433 0.9419431279620853
1 0.8579849946409431 0.5088862559241707 0.09967845659163987 0.9443127962085309
1 0.9544480171489818 0.5106635071090048 0.0632368703108253 0.9407582938388627
