0 0.49916107382550334 0.14192399049881235 0.7634228187919463 0.12470308788598575
0 0.5 0.4691211401425178 0.761744966442953 0.23515439429928742
0 0.3070469798657718 0.6745843230403801 0.37919463087248323 0.12114014251781473
0 0.3238255033557047 0.8135391923990499 0.4093959731543624 0.15676959619952494
1 0.13338926174496643 0.14251781472684086 0.025167785234899327 0.12351543942992875
1 0.4748322147651007 0.14192399049881235 0.6342281879194631 0.11995249406175773
1 0.8162751677852349 0.14429928741092637 0.02181208053691275 0.11995249406175773
1 0.8582214765100671 0.14251781472684086 0.031879194630872486 0.12351543942992875
1 0.13842281879194632 0.47030878859857483 0.031879194630872486 0.23515439429928742
1 0.4681208053691275 0.47090261282660334 0.5939597315436241 0.23634204275534443
1 0.7961409395973155 0.47030878859857483 0.03859060402684564 0.23752969121140144
1 0.8506711409395973 0.46971496437054633 0.040268456375838924 0.2339667458432304
1 0.13674496644295303 0.6716152019002376 0.031879194630872486 0.12232779097387174
1 0.2550335570469799 0.6745843230403801 0.17114093959731544 0.11876484560570072
1 0.39681208053691275 0.6751781472684086 0.07550335570469799 0.11995249406175773
1 0.4697986577181208 0.6739904988123516 0.0436241610738255 0.12232779097387174
1 0.1401006711409396 0.8129453681710214 0.028523489932885907 0.15558194774346795
1 0.27013422818791943 0.8135391923990499 0.19798657718120805 0.1496437054631829
1 0.42701342281879195 0.8147268408551069 0.06879194630872483 0.15914489311163896
1 0.5 0.8141330166270784 0.040268456375838924 0.15558194774346795
