0 0.11388550548112057 0.48477157360406087 0.220462850182704 0.9390862944162436
0 0.26004872107186355 0.4898477157360406 0.06211936662606577 0.949238578680203
0 0.3270401948842874 0.48477157360406087 0.06211936662606577 0.9390862944162436
0 0.3928136419001218 0.482233502538071 0.06211936662606577 0.9340101522842639
0 0.45493300852618757 0.47969543147208116 0.05237515225334957 0.9289340101522842
0 0.5133982947624848 0.47969543147208116 0.05237515225334957 0.9289340101522842
0 0.574299634591961 0.47715736040609136 0.05724725943970767 0.9238578680203045
0 0.6425091352009744 0.47969543147208116 0.05724725943970767 0.9289340101522842
0 0.7070645554202192 0.4746192893401015 0.05724725943970767 0.9187817258883249
0 0.7691839220462849 0.47969543147208116 0.05724725943970767 0.9289340101522842
0 0.8313032886723507 0.482233502538071 0.05724725943970767 0.9340101522842639
0 0.894640682095006 0.47715736040609136 0.05724725943970767 0.9238578680203045
0 0.9579780755176613 0.47715736040609136 0.05724725943970767 0.9238578680203045
