0 0.49328859060402686 0.38717339667458434 0.7550335570469798 0.2470308788598575
0 0.5033557046979865 0.7565320665083136 0.7751677852348993 0.3182897862232779
1 0.1518456375838926 0.38657957244655583 0.06543624161073826 0.2458432304038005
1 0.5293624161073825 0.38717339667458434 0.6661073825503355 0.23990498812351546
1 0.14848993288590603 0.7589073634204276 0.05201342281879195 0.3182897862232779
1 0.20721476510067113 0.7589073634204276 0.04865771812080537 0.32066508313539194
1 0.2676174496644295 0.7565320665083136 0.05536912751677852 0.30403800475059384
1 0.3313758389261745 0.7565320665083136 0.05536912751677852 0.3111638954869359
1 0.4060402684563758 0.7624703087885986 0.06375838926174497 0.3087885985748219
1 0.4756711409395973 0.7565320665083136 0.05201342281879195 0.31353919239904987
1 0.549496644295302 0.7600950118764846 0.06879194630872483 0.3111638954869359
1 0.6233221476510067 0.754750593824228 0.06208053691275168 0.3028503562945368
1 0.7013422818791946 0.7577197149643706 0.060402684563758385 0.3159144893111639
1 0.7684563758389261 0.7565320665083136 0.053691275167785234 0.31353919239904987
1 0.8422818791946308 0.7553444180522566 0.0738255033557047 0.3111638954869359
