0 0.01934916446789798 0.425 0.026385224274406333 0.844
0 0.1077396657871592 0.4235 0.1363236587510994 0.833
0 0.22889182058047494 0.4265 0.08487247141600704 0.833
0 0.31618293755496923 0.4265 0.06596306068601583 0.833
0 0.3777484608619173 0.428 0.0395778364116095 0.8300000000000001
0 0.4547053649956025 0.425 0.08795074758135445 0.8240000000000001
0 0.5527704485488127 0.4235 0.08795074758135445 0.8270000000000001
0 0.642919964819701 0.425 0.07211961301671065 0.8240000000000001
0 0.7299912049252419 0.435 0.079155672823219 0.844
0 0.8247581354441513 0.4185 0.09806508355321021 0.8230000000000001
0 0.9375549692172384 0.4215 0.10993843447669306 0.8230000000000001
0 0.4560246262093228 0.9235 0.079155672823219 0.147
0 0.5490325417766051 0.93 0.09806508355321021 0.14
0 0.642919964819701 0.9285 0.0633245382585752 0.137
0 0.7293315743183817 0.9165 0.08927000879507477 0.133
0 0.8298153034300791 0.925 0.09058927000879508 0.136
