0 0.5 0.2007125890736342 0.7348993288590604 0.2304038004750594
0 0.5 0.6051068883610452 0.7348993288590604 0.29097387173396677
0 0.5 0.8883610451306414 0.714765100671141 0.08551068883610452
1 0.2525167785234899 0.1989311163895487 0.2197986577181208 0.2292161520190024
1 0.5016778523489933 0.1995249406175772 0.22147651006711408 0.22802850356294538
1 0.7466442953020134 0.2001187648456057 0.22147651006711408 0.2292161520190024
1 0.2533557046979866 0.6045130641330166 0.2181208053691275 0.28741092636579574
1 0.49916107382550334 0.6045130641330166 0.22651006711409397 0.28978622327790976
1 0.7432885906040269 0.6051068883610452 0.22147651006711408 0.2933491686460808
1 0.25922818791946306 0.8883610451306414 0.2197986577181208 0.08551068883610452
1 0.49748322147651003 0.8883610451306414 0.21644295302013422 0.08788598574821853
1 0.7382550335570469 0.8889548693586699 0.22147651006711408 0.08669833729216152
