0 0.5805369127516778 0.2173396674584323 0.5939597315436241 0.1805225653206651
0 0.5822147651006712 0.7820665083135392 0.6040268456375839 0.1793349168646081
1 0.30453020134228187 0.2155581947743468 0.03859060402684564 0.17220902612826605
1 0.46057046979865773 0.2179334916864608 0.25671140939597314 0.17695961995249407
1 0.6778523489932886 0.2179334916864608 0.15100671140939598 0.17695961995249407
1 0.8204697986577181 0.21852731591448932 0.10738255033557047 0.17577197149643706
1 0.3053691275167785 0.7856294536817102 0.040268456375838924 0.17695961995249407
1 0.4572147651006711 0.7808788598574822 0.23993288590604026 0.16983372921615203
1 0.6753355704697986 0.7850356294536818 0.1593959731543624 0.1828978622327791
1 0.8238255033557047 0.7820665083135392 0.1040268456375839 0.17458432304038005
