0 0.030905077262693155 0.4880952380952381 0.052980132450331126 0.8333333333333333
0 0.10706401766004416 0.5476190476190476 0.05518763796909492 0.8571428571428571
0 0.17770419426048564 0.5714285714285714 0.046357615894039736 0.8571428571428571
0 0.25275938189845476 0.5238095238095237 0.05518763796909492 0.8095238095238095
0 0.3200883002207506 0.5952380952380952 0.03532008830022075 0.9523809523809523
0 0.39514348785871967 0.5595238095238095 0.06181015452538631 0.6904761904761905
0 0.46799116997792495 0.5119047619047619 0.06181015452538631 0.9285714285714285
0 0.5386313465783664 0.5238095238095237 0.05739514348785872 0.9047619047619047
0 0.609271523178808 0.5357142857142857 0.05739514348785872 0.8809523809523809
0 0.6766004415011038 0.5595238095238095 0.05077262693156733 0.8809523809523809
0 0.7505518763796909 0.5 0.05739514348785872 0.7619047619047619
0 0.8222958057395143 0.46428571428571425 0.05077262693156733 0.8333333333333333
0 0.8940397350993378 0.4880952380952381 0.04856512141280353 0.7857142857142857
0 0.9735099337748344 0.41666666666666663 0.06181015452538631 0.738095238095238
