0 0.49580536912751677 0.251187648456057 0.8439597315436241 0.1342042755344418
0 0.50251677852349 0.43646080760095013 0.8338926174496644 0.07482185273159145
0 0.5192953020134228 0.6805225653206651 0.9446308724832214 0.2589073634204276
1 0.39177852348993286 0.252375296912114 0.6191275167785235 0.13182897862232779
1 0.7550335570469798 0.251187648456057 0.09060402684563758 0.1294536817102138
1 0.8632550335570469 0.252375296912114 0.09228187919463086 0.1294536817102138
1 0.38926174496644295 0.43764845605700714 0.5973154362416108 0.07244655581947744
1 0.7508389261744967 0.43942992874109266 0.09899328859060402 0.06888361045130642
1 0.8624161073825504 0.43824228028503565 0.09395973154362416 0.07600950118764846
1 0.10738255033557047 0.6823040380047506 0.10067114093959731 0.2505938242280285
1 0.2156040268456376 0.6828978622327792 0.08221476510067113 0.2517814726840855
1 0.36661073825503354 0.6811163895486936 0.2030201342281879 0.2482185273159145
1 0.6375838926174496 0.6817102137767221 0.32885906040268453 0.2494061757719715
1 0.8968120805369127 0.6817102137767221 0.17281879194630873 0.24465558194774348
