0 0.4978485370051635 0.4964726631393298 0.9819277108433735 0.9647266313932981
1 0.06110154905335628 0.5388007054673721 0.0963855421686747 0.8694885361552027
1 0.16566265060240964 0.49382716049382713 0.06798623063683305 0.9594356261022927
1 0.23537005163511188 0.4973544973544973 0.05593803786574871 0.9629629629629629
1 0.30249569707401036 0.49470899470899465 0.05938037865748709 0.9611992945326278
1 0.3696213425129088 0.4964726631393298 0.057659208261617904 0.9576719576719577
1 0.43244406196213425 0.4964726631393298 0.05593803786574871 0.9576719576719577
1 0.49827882960413084 0.49559082892416223 0.05679862306368331 0.9629629629629629
1 0.5636833046471601 0.4964726631393298 0.05679862306368331 0.9611992945326278
1 0.6308089500860585 0.49382716049382713 0.0585197934595525 0.9594356261022927
1 0.6944922547332186 0.49559082892416223 0.05679862306368331 0.9559082892416225
1 0.7620481927710844 0.49470899470899465 0.05938037865748709 0.9611992945326278
1 0.827882960413081 0.4973544973544973 0.05679862306368331 0.9629629629629629
1 0.8919965576592083 0.4964726631393298 0.057659208261617904 0.9611992945326278
1 0.9586919104991395 0.4973544973544973 0.05679862306368331 0.9594356261022927
