0 0.5008389261744967 0.2666270783847981 0.7768456375838926 0.2125890736342043
0 0.49748322147651003 0.504750593824228 0.7634228187919463 0.15439429928741094
0 0.5016778523489933 0.7529691211401426 0.7684563758389261 0.2589073634204276
1 0.7181208053691275 0.2666270783847981 0.348993288590604 0.20783847980997625
1 0.5981543624161074 0.2767220902612827 0.09228187919463086 0.19477434679334918
1 0.7030201342281879 0.2761282660332542 0.09731543624161074 0.18883610451306415
1 0.8238255033557047 0.27434679334916867 0.10738255033557047 0.1805225653206651
1 0.3263422818791946 0.2945368171021378 0.401006711409396 0.15914489311163896
1 0.3473154362416107 0.505938242280285 0.45302013422818793 0.1496437054631829
1 0.7332214765100671 0.5083135391923991 0.2919463087248322 0.15201900237529692
1 0.636744966442953 0.5231591448931117 0.08221476510067113 0.11757719714964371
1 0.7307046979865771 0.5243467933491687 0.07885906040268456 0.1152019002375297
1 0.8263422818791946 0.5255344418052257 0.08892617449664429 0.11995249406175773
1 0.1988255033557047 0.753562945368171 0.1593959731543624 0.25534441805225655
1 0.38926174496644295 0.7541567695961996 0.2080536912751678 0.25653206650831356
1 0.5604026845637584 0.752375296912114 0.11409395973154363 0.2505938242280285
1 0.6736577181208053 0.7529691211401426 0.09563758389261745 0.2517814726840855
1 0.8045302013422818 0.7517814726840856 0.1493288590604027 0.25415676959619954
1 0.3422818791946309 0.7707838479809976 0.087248322147651 0.21140142517814728
1 0.4395973154362416 0.7737529691211402 0.09060402684563758 0.20783847980997625
