0 0.012426900584795321 0.5025773195876289 0.01608187134502924 0.9742268041237113
0 0.0796783625730994 0.5025773195876289 0.1067251461988304 0.9742268041237113
0 0.17909356725146197 0.5025773195876289 0.0804093567251462 0.9742268041237113
0 0.27192982456140347 0.49742268041237114 0.09064327485380116 0.9639175257731959
0 0.36915204678362573 0.5 0.09210526315789473 0.9690721649484536
0 0.4649122807017544 0.49742268041237114 0.0935672514619883 0.9639175257731959
0 0.5614035087719298 0.5025773195876289 0.09064327485380116 0.9742268041237113
0 0.6593567251461988 0.5 0.0935672514619883 0.9587628865979382
0 0.7587719298245613 0.5051546391752577 0.09064327485380116 0.9690721649484536
0 0.8523391812865496 0.5025773195876289 0.0935672514619883 0.9742268041237113
0 0.9495614035087718 0.5 0.0891812865497076 0.9690721649484536
