0 0.06435006435006435 0.48936170212765956 0.11583011583011582 0.9446808510638298
0 0.16731016731016732 0.49361702127659574 0.07979407979407979 0.9617021276595745
0 0.25096525096525096 0.49361702127659574 0.07979407979407979 0.9617021276595745
0 0.3513513513513513 0.4957446808510638 0.1081081081081081 0.9659574468085107
0 0.4549549549549549 0.4957446808510638 0.0785070785070785 0.9574468085106383
0 0.5437580437580437 0.4957446808510638 0.0785070785070785 0.9574468085106383
0 0.6409266409266409 0.49361702127659574 0.10296010296010295 0.9531914893617022
0 0.7419562419562419 0.49361702127659574 0.0785070785070785 0.9617021276595745
0 0.8359073359073359 0.49148936170212765 0.0785070785070785 0.9574468085106383
0 0.9420849420849421 0.49148936170212765 0.10038610038610038 0.9574468085106383
