0 0.49916107382550334 0.11876484560570072 0.7197986577181208 0.08551068883610452
0 0.5 0.6157957244655582 0.7181208053691275 0.23634204275534443
0 0.5 0.8663895486935868 0.714765100671141 0.07719714964370547
1 0.21140939597315436 0.1169833729216152 0.13087248322147652 0.0819477434679335
1 0.3523489932885906 0.11995249406175773 0.1342281879194631 0.08788598574821853
1 0.4949664429530201 0.12054631828978622 0.13087248322147652 0.07957244655581948
1 0.6417785234899329 0.11995249406175773 0.1325503355704698 0.0831353919239905
1 0.7869127516778524 0.11817102137767221 0.14093959731543623 0.08432304038004751
1 0.2063758389261745 0.6175771971496438 0.12751677852348994 0.2304038004750594
1 0.3397651006711409 0.6175771971496438 0.10906040268456375 0.22802850356294538
1 0.4823825503355705 0.6146080760095012 0.15604026845637584 0.2173396674584323
1 0.6426174496644295 0.6193586698337292 0.13087248322147652 0.22209026128266035
1 0.7827181208053691 0.6187648456057008 0.1325503355704698 0.22802850356294538
1 0.19379194630872482 0.8640142517814727 0.10906040268456375 0.07719714964370547
1 0.3221476510067114 0.8646080760095012 0.11073825503355704 0.07600950118764846
1 0.436241610738255 0.8610451306413303 0.09060402684563758 0.07600950118764846
1 0.5578859060402684 0.8657957244655582 0.09563758389261745 0.07125890736342043
1 0.677013422818792 0.8652019002375297 0.10570469798657718 0.06769596199524941
1 0.8011744966442953 0.8663895486935868 0.11912751677852348 0.07244655581947744
