0 0.07299270072992702 0.532967032967033 0.12895377128953772 0.8901098901098902
0 0.3333333333333333 0.532967032967033 0.058394160583941604 0.8681318681318682
0 0.42274939172749393 0.5274725274725275 0.09610705596107057 0.8791208791208792
0 0.5249391727493917 0.5164835164835165 0.09610705596107057 0.8791208791208792
0 0.628345498783455 0.5164835164835165 0.09610705596107057 0.8791208791208792
0 0.7354014598540146 0.5054945054945056 0.09610705596107057 0.8791208791208792
0 0.8375912408759124 0.5164835164835165 0.09610705596107057 0.8791208791208792
0 0.9409975669099757 0.5384615384615385 0.09610705596107057 0.8791208791208792
0 0.1794403892944039 0.5164835164835165 0.06204379562043796 0.9010989010989011
0 0.25669099756691 0.521978021978022 0.07785888077858881 0.9120879120879122
