0 0.4672818791946309 0.8485748218527316 0.6996644295302014 0.22684085510688837
1 0.14681208053691275 0.8479809976247031 0.04865771812080537 0.22327790973871736
1 0.27768456375838924 0.8485748218527316 0.18624161073825504 0.22446555819477435
1 0.40687919463087246 0.8491686460807601 0.04194630872483222 0.22802850356294538
1 0.46057046979865773 0.8491686460807601 0.03859060402684564 0.22327790973871736
1 0.514261744966443 0.8485748218527316 0.03859060402684564 0.22446555819477435
1 0.5687919463087249 0.8473871733966746 0.0436241610738255 0.22684085510688837
1 0.636744966442953 0.8491686460807601 0.0721476510067114 0.22565320665083136
1 0.7105704697986577 0.8479809976247031 0.04194630872483222 0.22565320665083136
1 0.7802013422818792 0.8497624703087886 0.06375838926174497 0.22684085510688837
