0 0.027133388566694283 0.49166666666666664 0.050952775476387734 0.9742424242424242
0 0.14105219552609777 0.49696969696969695 0.15451532725766362 0.9848484848484849
0 0.2852112676056338 0.49242424242424243 0.1172328086164043 0.9545454545454546
0 0.4378624689312344 0.5075757575757576 0.06876553438276718 0.9848484848484849
0 0.49710024855012425 0.5068181818181818 0.041425020712510356 0.9954545454545455
0 0.5731151615575808 0.509090909090909 0.07995028997514499 0.9696969696969697
0 0.652029826014913 0.521969696969697 0.04971002485501243 0.9742424242424242
0 0.7272162386081192 0.5045454545454545 0.09237779618889809 0.9696969696969697
0 0.8272576636288318 0.509090909090909 0.07705053852526926 0.9696969696969697
0 0.9384838442419221 0.4946969696969697 0.10894780447390223 0.95
