0 0.5418709150326797 0.43813131313131315 0.860702614379085 0.2916666666666667
0 0.7738970588235294 0.7316919191919192 0.41544117647058826 0.125
1 0.1613562091503268 0.43923611111111116 0.0857843137254902 0.2913510101010101
1 0.2761437908496732 0.43765782828282834 0.11437908496732027 0.28188131313131315
1 0.4056372549019608 0.439709595959596 0.13071895424836602 0.2859848484848485
1 0.5955882352941176 0.439709595959596 0.23529411764705882 0.28851010101010105
1 0.7875816993464052 0.439709595959596 0.12091503267973856 0.28851010101010105
1 0.9162581699346406 0.43765782828282834 0.10866013071895425 0.2881944444444445
1 0.6364379084967321 0.7316919191919192 0.12663398692810457 0.11679292929292931
1 0.8331290849673203 0.7323232323232324 0.16625816993464052 0.11994949494949496
