0 0.49580536912751677 0.2684085510688836 0.8238255033557047 0.4085510688836105
0 0.47651006711409394 0.6775534441805225 0.7919463087248322 0.1793349168646081
1 0.17701342281879195 0.2672209026128266 0.1761744966442953 0.40380047505938244
1 0.4664429530201342 0.2690023752969121 0.38926174496644295 0.4097387173396675
1 0.7332214765100671 0.2695961995249406 0.12080536912751677 0.40617577197149646
1 0.8523489932885906 0.27019002375296913 0.09395973154362416 0.40498812351543945
1 0.5201342281879194 0.6781472684085511 0.1040268456375839 0.17339667458432304
1 0.6333892617449665 0.6763657957244655 0.08892617449664429 0.17220902612826605
1 0.7348993288590604 0.6787410926365796 0.09060402684563758 0.17695961995249407
1 0.8305369127516778 0.6781472684085511 0.0738255033557047 0.17339667458432304
1 0.27348993288590606 0.6769596199524941 0.3624161073825503 0.17577197149643706
