0 0.49748322147651003 0.20486935866983375 0.7600671140939597 0.2458432304038005
0 0.5 0.7529691211401426 0.7651006711409396 0.3159144893111639
1 0.2156040268456376 0.18883610451306415 0.18959731543624161 0.20665083135391926
1 0.3389261744966443 0.18764845605700714 0.026845637583892617 0.20427553444180524
1 0.375 0.18883610451306415 0.031879194630872486 0.20427553444180524
1 0.4152684563758389 0.18646080760095013 0.031879194630872486 0.20902612826603326
1 0.4546979865771812 0.18942992874109266 0.030201342281879193 0.20546318289786225
1 0.49328859060402686 0.18764845605700714 0.030201342281879193 0.20902612826603326
1 0.5385906040268457 0.18824228028503565 0.03355704697986577 0.20783847980997625
1 0.5813758389261745 0.18586698337292162 0.028523489932885907 0.20783847980997625
1 0.62248322147651 0.18705463182897863 0.03355704697986577 0.2125890736342043
1 0.6635906040268457 0.18646080760095013 0.025167785234899327 0.21140142517814728
1 0.7021812080536912 0.18824228028503565 0.03523489932885906 0.21021377672209027
1 0.7399328859060402 0.18646080760095013 0.020134228187919462 0.20902612826603326
1 0.7734899328859061 0.18764845605700714 0.020134228187919462 0.21140142517814728
1 0.8045302013422818 0.18764845605700714 0.02181208053691275 0.20902612826603326
1 0.8355704697986577 0.18705463182897863 0.020134228187919462 0.21021377672209027
1 0.8649328859060402 0.18586698337292162 0.015100671140939596 0.20783847980997625
1 0.14848993288590603 0.754750593824228 0.04865771812080537 0.3099762470308789
1 0.3473154362416107 0.7517814726840856 0.3221476510067114 0.30403800475059384
1 0.5394295302013423 0.7529691211401426 0.031879194630872486 0.30641330166270786
1 0.5822147651006712 0.753562945368171 0.030201342281879193 0.3123515439429929
1 0.6317114093959731 0.754750593824228 0.04194630872483222 0.3099762470308789
1 0.6845637583892618 0.753562945368171 0.04697986577181208 0.3147268408551069
1 0.7390939597315436 0.752375296912114 0.04194630872483222 0.3171021377672209
1 0.7902684563758389 0.7505938242280286 0.040268456375838924 0.31353919239904987
1 0.848993288590604 0.7517814726840856 0.05704697986577181 0.3111638954869359
