0 0.5010212418300654 0.28030303030303033 0.8361928104575164 0.2474747474747475
1 0.14133986928104575 0.2791982323232323 0.10620915032679738 0.2408459595959596
1 0.23202614379084968 0.2807765151515152 0.05555555555555556 0.24400252525252528
1 0.29473039215686275 0.28030303030303033 0.05024509803921569 0.24494949494949497
1 0.35375816993464054 0.2793560606060606 0.049019607843137254 0.24936868686868688
1 0.4109477124183007 0.2796717171717172 0.049019607843137254 0.24621212121212124
1 0.471609477124183 0.27982954545454547 0.0559640522875817 0.24210858585858588
1 0.5465686274509804 0.2807765151515152 0.07761437908496732 0.24210858585858588
1 0.6282679738562091 0.2825126262626263 0.06372549019607843 0.24305555555555558
1 0.721609477124183 0.2787247474747475 0.07066993464052287 0.2417929292929293
1 0.8045343137254902 0.2814078282828283 0.06821895424836602 0.24526515151515155
1 0.8952205882352942 0.2791982323232323 0.042075163398692814 0.24526515151515155
