0 0.053204353083434096 0.4832635983263598 0.09915356711003627 0.907949790794979
0 0.14691656590084642 0.4916317991631799 0.07376058041112454 0.899581589958159
0 0.2218863361547763 0.4937238493723849 0.06650544135429262 0.8953974895397488
0 0.3004836759371221 0.5104602510460251 0.06650544135429262 0.8953974895397488
0 0.3802902055622733 0.502092050209205 0.06650544135429262 0.8953974895397488
0 0.46856106408706166 0.506276150627615 0.06650544135429262 0.8953974895397488
0 0.5550181378476421 0.5125523012552301 0.07980652962515114 0.8828451882845187
0 0.6469165659008465 0.49999999999999994 0.07980652962515114 0.8828451882845187
0 0.743651753325272 0.50836820083682 0.07980652962515114 0.8828451882845187
0 0.8331318016928657 0.50836820083682 0.07980652962515114 0.8828451882845187
0 0.9334945586457073 0.4958158995815899 0.07980652962515114 0.8828451882845187
