0 0.47855392156862747 0.789614898989899 0.9325980392156863 0.049558080808080815
0 0.4783496732026144 0.4029356060606061 0.9109477124183006 0.3809974747474748
0 0.7344771241830066 0.10511363636363637 0.41258169934640526 0.0441919191919192
1 0.5988562091503268 0.10558712121212122 0.13071895424836602 0.045138888888888895
1 0.8419117647058824 0.10464015151515152 0.18382352941176472 0.045138888888888895
1 0.21507352941176472 0.4149305555555556 0.3729575163398693 0.34816919191919193
1 0.47365196078431376 0.4139835858585859 0.10089869281045752 0.35258838383838387
1 0.6002859477124183 0.4160353535353536 0.1360294117647059 0.35479797979797983
1 0.7350898692810458 0.4144570707070707 0.11723856209150327 0.3535353535353536
1 0.8680555555555556 0.4166666666666667 0.12663398692810457 0.3535353535353536
1 0.2743055555555556 0.7864583333333334 0.4832516339869281 0.03061868686868687
1 0.5996732026143791 0.7880366161616162 0.13480392156862744 0.027462121212121215
1 0.7365196078431373 0.7885101010101011 0.11683006535947713 0.02840909090909091
1 0.8700980392156863 0.7885101010101011 0.12254901960784315 0.02840909090909091
