0 0.4773489932885906 0.17042755344418054 0.6694630872483222 0.13657957244655583
0 0.47818791946308725 0.6799287410926366 0.6845637583892618 0.3978622327790974
1 0.24580536912751677 0.17102137767220904 0.19630872483221476 0.1306413301662708
1 0.4899328859060403 0.17042755344418054 0.2751677852348993 0.1294536817102138
1 0.7214765100671141 0.17102137767220904 0.174496644295302 0.12826603325415678
1 0.19714765100671142 0.6805225653206651 0.10570469798657718 0.38717339667458434
1 0.28691275167785235 0.6858669833729216 0.07046979865771812 0.39073634204275537
1 0.36912751677852346 0.6811163895486936 0.08389261744966443 0.38836104513064135
1 0.4647651006711409 0.6846793349168646 0.087248322147651 0.3931116389548694
1 0.5612416107382551 0.6823040380047506 0.09563758389261745 0.39073634204275537
1 0.6677852348993288 0.6793349168646081 0.10067114093959731 0.3847980997624703
1 0.7550335570469798 0.6823040380047506 0.06711409395973154 0.3812351543942993
1 0.8028523489932886 0.6834916864608076 0.018456375838926176 0.38836104513064135
