0 0.0223463687150838 0.5037735849056604 0.030726256983240226 0.969811320754717
0 0.20460893854748605 0.4867924528301887 0.3198324022346369 0.9433962264150944
0 0.6843575418994413 0.5264150943396226 0.6089385474860335 0.879245283018868
0 0.4231843575418995 0.4849056603773585 0.06983240223463687 0.9471698113207547
0 0.5 0.4811320754716981 0.06983240223463687 0.939622641509434
0 0.5754189944134078 0.4811320754716981 0.06983240223463687 0.939622641509434
0 0.6480446927374302 0.47924528301886793 0.06983240223463687 0.9358490566037736
0 0.7220670391061452 0.4811320754716981 0.06983240223463687 0.939622641509434
0 0.797486033519553 0.47735849056603774 0.06983240223463687 0.9320754716981132
0 0.8743016759776536 0.4830188679245283 0.06983240223463687 0.9433962264150944
0 0.9497206703910615 0.4811320754716981 0.06983240223463687 0.939622641509434
