0 0.5016778523489933 0.1490498812351544 0.8120805369127516 0.10570071258907364
0 0.5041946308724832 0.43883610451306415 0.8070469798657718 0.3194774346793349
1 0.2961409395973154 0.15201900237529692 0.3808724832214765 0.09738717339667459
1 0.5998322147651006 0.1502375296912114 0.19630872483221476 0.0985748218527316
1 0.8053691275167785 0.1514251781472684 0.19798657718120805 0.10095011876484561
1 0.549496644295302 0.16211401425178149 0.08221476510067113 0.07007125890736342
1 0.6468120805369127 0.16033254156769597 0.09228187919463086 0.06888361045130642
1 0.7550335570469798 0.16152019002375298 0.07718120805369127 0.07363420427553445
1 0.8548657718120806 0.16152019002375298 0.09563758389261745 0.07125890736342043
1 0.12416107382550336 0.43942992874109266 0.030201342281879193 0.3159144893111639
1 0.49748322147651003 0.4412114014251782 0.6963087248322147 0.3171021377672209
1 0.8800335570469798 0.4412114014251782 0.04530201342281879 0.3194774346793349
