0 0.5016806722689076 0.12648456057007126 0.7647058823529412 0.08432304038004751
0 0.4991596638655462 0.40498812351543945 0.7596638655462186 0.27078384798099764
0 0.45462184873949585 0.742874109263658 0.6672268907563026 0.3004750593824228
1 0.19747899159663868 0.12707838479809977 0.13949579831932774 0.0831353919239905
1 0.37058823529411766 0.12589073634204276 0.16974789915966387 0.08551068883610452
1 0.5126050420168068 0.12648456057007126 0.08739495798319329 0.07957244655581948
1 0.6126050420168068 0.12648456057007126 0.08907563025210084 0.0819477434679335
1 0.704201680672269 0.12826603325415678 0.060504201680672276 0.0831353919239905
1 0.7739495798319328 0.12767220902612827 0.04873949579831933 0.08432304038004751
1 0.8420168067226891 0.12648456057007126 0.0638655462184874 0.0819477434679335
1 0.18823529411764706 0.39073634204275537 0.12436974789915967 0.24228028503562946
1 0.40924369747899164 0.39073634204275537 0.2739495798319328 0.24228028503562946
1 0.6067226890756303 0.40617577197149646 0.08403361344537816 0.2684085510688836
1 0.6915966386554623 0.40558194774346795 0.05882352941176471 0.27197149643705465
1 0.765546218487395 0.40439429928741094 0.06218487394957983 0.2695961995249406
1 0.8411764705882353 0.40439429928741094 0.06218487394957983 0.2695961995249406
1 0.3739495798319328 0.7446555819477435 0.4991596638655462 0.3016627078384798
1 0.7109243697478992 0.744061757719715 0.14789915966386555 0.3004750593824228
