0 0.5234899328859061 0.4085510688836105 0.848993288590604 0.47030878859857483
0 0.5218120805369127 0.7309976247030879 0.8456375838926175 0.11045130641330167
0 0.4521812080536913 0.8925178147268409 0.709731543624161 0.08432304038004751
1 0.2197986577181208 0.407957244655582 0.22483221476510068 0.4667458432304038
1 0.3901006711409396 0.409144893111639 0.07550335570469799 0.46437054631828983
1 0.4815436241610738 0.4097387173396675 0.0738255033557047 0.4655581947743468
1 0.5696308724832214 0.410332541567696 0.07550335570469799 0.4691211401425178
1 0.6585570469798657 0.407957244655582 0.06879194630872483 0.4691211401425178
1 0.7265100671140939 0.4097387173396675 0.040268456375838924 0.4679334916864608
1 0.8145973154362416 0.4085510688836105 0.1023489932885906 0.4679334916864608
1 0.912751677852349 0.4109263657957245 0.06711409395973154 0.4679334916864608
1 0.1837248322147651 0.7309976247030879 0.15268456375838926 0.11045130641330167
1 0.32550335570469796 0.7309976247030879 0.09060402684563758 0.10807600950118765
1 0.41442953020134227 0.7309976247030879 0.04697986577181208 0.11045130641330167
1 0.48070469798657717 0.7315914489311164 0.04865771812080537 0.10926365795724466
1 0.6065436241610738 0.7315914489311164 0.1761744966442953 0.10926365795724466
1 0.7550335570469798 0.7304038004750594 0.087248322147651 0.10926365795724466
1 0.8464765100671141 0.732185273159145 0.04865771812080537 0.11045130641330167
1 0.9152684563758389 0.7327790973871734 0.05536912751677852 0.10926365795724466
1 0.174496644295302 0.8901425178147269 0.12751677852348994 0.08432304038004751
1 0.31208053691275167 0.8925178147268409 0.11073825503355704 0.08432304038004751
1 0.43791946308724833 0.8937054631828979 0.10738255033557047 0.08432304038004751
1 0.5503355704697986 0.8925178147268409 0.09731543624161074 0.08669833729216152
1 0.6568791946308725 0.8931116389548694 0.08221476510067113 0.08076009501187649
1 0.7575503355704698 0.8937054631828979 0.08557046979865772 0.08432304038004751
