0 0.4899328859060403 0.32125890736342044 0.8791946308724832 0.2505938242280285
0 0.4907718120805369 0.7505938242280286 0.8775167785234899 0.327790973871734
0 0.4874161073825503 0.5083135391923991 0.8808724832214765 0.0831353919239905
1 0.15268456375838926 0.32007125890736343 0.19798657718120805 0.2458432304038005
1 0.3582214765100671 0.32244655581947745 0.18959731543624161 0.2482185273159145
1 0.5394295302013423 0.32244655581947745 0.1493288590604027 0.2458432304038005
1 0.7013422818791946 0.32125890736342044 0.15436241610738255 0.2482185273159145
1 0.8590604026845637 0.32244655581947745 0.1342281879194631 0.2505938242280285
1 0.3296979865771812 0.5083135391923991 0.5553691275167785 0.0831353919239905
1 0.6552013422818792 0.5100950118764845 0.06543624161073826 0.07957244655581948
1 0.8137583892617449 0.5106888361045131 0.22147651006711408 0.08551068883610452
1 0.14093959731543623 0.7517814726840856 0.17785234899328858 0.32304038004750596
1 0.5822147651006712 0.7517814726840856 0.6812080536912751 0.32066508313539194
