0 0.49748322147651003 0.20665083135391926 0.7734899328859061 0.1330166270783848
0 0.49916107382550334 0.40558194774346795 0.7701342281879194 0.16270783847981
0 0.4966442953020134 0.5902612826603326 0.7684563758389261 0.17339667458432304
0 0.49748322147651003 0.741686460807601 0.7734899328859061 0.09144893111638955
1 0.2424496644295302 0.20724465558194774 0.25671140939597314 0.12707838479809977
1 0.44630872483221473 0.20546318289786225 0.12416107382550336 0.12826603325415678
1 0.6610738255033557 0.20546318289786225 0.27181208053691275 0.1306413301662708
1 0.8447986577181208 0.20546318289786225 0.07550335570469799 0.12826603325415678
1 0.2424496644295302 0.4133016627078385 0.24328859060402683 0.14014251781472684
1 0.4236577181208054 0.415083135391924 0.08892617449664429 0.13895486935866985
1 0.6216442953020134 0.415083135391924 0.18959731543624161 0.14133016627078385
1 0.8129194630872483 0.413895486935867 0.1325503355704698 0.13895486935866985
1 0.18875838926174496 0.5997624703087886 0.1459731543624161 0.15439429928741094
1 0.3221476510067114 0.5985748218527316 0.07718120805369127 0.15201900237529692
1 0.4563758389261745 0.5997624703087886 0.15771812080536912 0.15201900237529692
1 0.5830536912751678 0.6009501187648456 0.07550335570469799 0.15201900237529692
1 0.712248322147651 0.5997624703087886 0.15604026845637584 0.15201900237529692
1 0.8380872483221476 0.5997624703087886 0.0721476510067114 0.1472684085510689
1 0.4060402684563758 0.753562945368171 0.5738255033557047 0.07482185273159145
1 0.8070469798657718 0.751187648456057 0.1476510067114094 0.07007125890736342
