0 0.49748322147651003 0.29572446555819476 0.7533557046979865 0.2517814726840855
0 0.49916107382550334 0.49703087885985753 0.7567114093959731 0.07007125890736342
0 0.5008389261744967 0.6140142517814727 0.7533557046979865 0.07125890736342043
0 0.5016778523489933 0.753562945368171 0.7583892617449665 0.11995249406175773
0 0.5016778523489933 0.8913301662707839 0.7583892617449665 0.07482185273159145
1 0.1476510067114094 0.2975059382422803 0.040268456375838924 0.2529691211401425
1 0.3934563758389262 0.2951306413301663 0.43456375838926176 0.2529691211401425
1 0.7508389261744967 0.29691211401425177 0.24664429530201343 0.2517814726840855
1 0.14681208053691275 0.5 0.04530201342281879 0.07838479809976247
1 0.39932885906040266 0.49821852731591454 0.43288590604026844 0.07007125890736342
1 0.7466442953020134 0.4958432304038005 0.24161073825503354 0.0653206650831354
1 0.14848993288590603 0.6134204275534442 0.04530201342281879 0.07244655581947744
1 0.39681208053691275 0.6152019002375297 0.424496644295302 0.0665083135391924
1 0.74748322147651 0.6146080760095012 0.24664429530201343 0.06294536817102138
1 0.1442953020134228 0.754750593824228 0.03355704697986577 0.11995249406175773
1 0.39513422818791943 0.7529691211401426 0.43791946308724833 0.12114014251781473
1 0.74748322147651 0.7541567695961996 0.24328859060402683 0.11401425178147269
1 0.15016778523489932 0.8913301662707839 0.03859060402684564 0.07007125890736342
1 0.3959731543624161 0.8919239904988124 0.42953020134228187 0.07125890736342043
1 0.7491610738255033 0.8919239904988124 0.25 0.06888361045130642
