0 0.5 0.2690023752969121 0.9060402684563759 0.039192399049881234
0 0.5 0.3420427553444181 0.9026845637583892 0.07363420427553445
0 0.5201342281879194 0.49821852731591454 0.9295302013422818 0.20546318289786225
0 0.5201342281879194 0.753562945368171 0.9328859060402684 0.27197149643705465
1 0.15016778523489932 0.2678147268408551 0.18959731543624161 0.036817102137767226
1 0.36073825503355705 0.2695961995249406 0.21476510067114093 0.035629453681710214
1 0.6124161073825504 0.2684085510688836 0.26174496644295303 0.035629453681710214
1 0.8515100671140939 0.2690023752969121 0.18624161073825504 0.036817102137767226
1 0.1493288590604027 0.3420427553444181 0.18456375838926173 0.07363420427553445
1 0.36325503355704697 0.3426365795724466 0.2063758389261745 0.07482185273159145
1 0.6082214765100671 0.3414489311163896 0.2600671140939597 0.07244655581947744
1 0.8498322147651006 0.3426365795724466 0.18624161073825504 0.07482185273159145
1 0.08976510067114093 0.49762470308788603 0.05201342281879195 0.20427553444180524
1 0.22315436241610737 0.49821852731591454 0.18456375838926173 0.20308788598574823
1 0.5226510067114094 0.4994061757719715 0.38422818791946306 0.20308788598574823
1 0.8540268456375839 0.5005938242280286 0.2483221476510067 0.20546318289786225
1 0.12583892617449663 0.753562945368171 0.12416107382550336 0.2695961995249406
1 0.2558724832214765 0.753562945368171 0.10570469798657718 0.2695961995249406
1 0.37583892617449666 0.753562945368171 0.10067114093959731 0.2695961995249406
1 0.5041946308724832 0.7529691211401426 0.12248322147651007 0.27078384798099764
1 0.6703020134228188 0.7529691211401426 0.17953020134228187 0.2684085510688836
1 0.8791946308724832 0.753562945368171 0.19463087248322147 0.2695961995249406
