0 0.5243288590604027 0.17042755344418054 0.7466442953020134 0.17695961995249407
0 0.5243288590604027 0.665083135391924 0.7533557046979865 0.4845605700712589
1 0.22399328859060402 0.17339667458432304 0.1325503355704698 0.17814726840855108
1 0.35906040268456374 0.17102137767220904 0.087248322147651 0.17339667458432304
1 0.48657718120805366 0.17042755344418054 0.13758389261744966 0.17695961995249407
1 0.6216442953020134 0.17161520190023755 0.1023489932885906 0.17220902612826605
1 0.7340604026845637 0.17042755344418054 0.08892617449664429 0.17458432304038005
1 0.8439597315436241 0.17102137767220904 0.087248322147651 0.17339667458432304
1 0.22315436241610737 0.663895486935867 0.13758389261744966 0.4798099762470309
1 0.3548657718120805 0.663895486935867 0.09228187919463086 0.4821852731591449
1 0.48657718120805366 0.663895486935867 0.13758389261744966 0.4798099762470309
1 0.6216442953020134 0.667458432304038 0.09899328859060402 0.4821852731591449
1 0.7332214765100671 0.666270783847981 0.09060402684563758 0.4798099762470309
1 0.8431208053691275 0.667458432304038 0.09228187919463086 0.4821852731591449
