0 0.5 0.4679334916864608 0.7651006711409396 0.4085510688836105
0 0.49916107382550334 0.8236342042755345 0.7634228187919463 0.16270783847981
1 0.2684563758389262 0.4691211401425178 0.2885906040268456 0.4085510688836105
1 0.462248322147651 0.4673396674584323 0.06208053691275168 0.40736342042755347
1 0.537751677852349 0.4768408551068884 0.0587248322147651 0.3931116389548694
1 0.6191275167785235 0.4750593824228029 0.07046979865771812 0.38954869358669836
1 0.6937919463087249 0.4750593824228029 0.04865771812080537 0.3919239904988124
1 0.7634228187919463 0.4756532066508314 0.060402684563758385 0.38836104513064135
1 0.8447986577181208 0.4744655581947744 0.06879194630872483 0.39073634204275537
1 0.2684563758389262 0.8236342042755345 0.28187919463087246 0.16033254156769597
1 0.462248322147651 0.831353919239905 0.05201342281879195 0.1496437054631829
1 0.5327181208053691 0.832541567695962 0.0587248322147651 0.1472684085510689
1 0.6166107382550335 0.830166270783848 0.06208053691275168 0.1472684085510689
1 0.6904362416107382 0.8307600950118765 0.05536912751677852 0.14845605700712589
1 0.761744966442953 0.831353919239905 0.060402684563758385 0.1496437054631829
1 0.8447986577181208 0.8295724465558195 0.07550335570469799 0.1460807600950119
