0 0.5 0.18705463182897863 0.8154362416107382 0.09619952494061758
0 0.50251677852349 0.5296912114014252 0.8104026845637584 0.4584323040380048
1 0.20889261744966442 0.18764845605700714 0.22651006711409397 0.09263657957244656
1 0.4001677852348993 0.18764845605700714 0.13926174496644295 0.09501187648456058
1 0.5587248322147651 0.18883610451306415 0.15771812080536912 0.09263657957244656
1 0.7046979865771812 0.18764845605700714 0.1174496644295302 0.09026128266033255
1 0.837248322147651 0.18824228028503565 0.12080536912751677 0.09619952494061758
1 0.25838926174496646 0.5285035629453682 0.31543624161073824 0.4513064133016627
1 0.48573825503355705 0.5290973871733967 0.10570469798657718 0.45486935866983375
1 0.6048657718120806 0.5308788598574822 0.10570469798657718 0.4584323040380048
1 0.723993288590604 0.5273159144893111 0.10906040268456375 0.45605700712589076
1 0.8456375838926175 0.5308788598574822 0.10738255033557047 0.45605700712589076
