0 0.025210084033613446 0.5057034220532319 0.036414565826330535 0.973384030418251
0 0.20798319327731093 0.5 0.3179271708683473 0.9619771863117871
0 0.680672268907563 0.5456273764258555 0.6162464985994398 0.8631178707224334
0 0.4173669467787115 0.49049429657794674 0.08123249299719888 0.9429657794676806
0 0.4964985994397759 0.48859315589353614 0.06862745098039216 0.9391634980988594
0 0.5735294117647058 0.4847908745247148 0.06862745098039216 0.9391634980988594
0 0.6477591036414566 0.4847908745247148 0.06862745098039216 0.9391634980988594
0 0.7219887955182073 0.48098859315589354 0.06862745098039216 0.9391634980988594
0 0.7976190476190477 0.4847908745247148 0.06862745098039216 0.9391634980988594
0 0.8746498599439776 0.4847908745247148 0.06862745098039216 0.9391634980988594
0 0.9488795518207283 0.4847908745247148 0.06862745098039216 0.9391634980988594
