0 0.5209731543624161 0.4334916864608076 0.796979865771812 0.2589073634204276
1 0.2810402684563758 0.4328978622327791 0.30033557046979864 0.2529691211401425
1 0.48573825503355705 0.4317102137767221 0.07885906040268456 0.2529691211401425
1 0.5880872483221476 0.4328978622327791 0.09563758389261745 0.25771971496437057
1 0.6921140939597316 0.43705463182897863 0.08892617449664429 0.2589073634204276
1 0.8305369127516778 0.4346793349168646 0.16442953020134227 0.25653206650831356
1 0.27432885906040266 0.7298099762470309 0.2902684563758389 0.0819477434679335
1 0.49412751677852346 0.7298099762470309 0.10906040268456375 0.0819477434679335
1 0.6149328859060402 0.7268408551068883 0.10570469798657718 0.0831353919239905
1 0.7273489932885906 0.7292161520190024 0.1023489932885906 0.0831353919239905
1 0.8481543624161073 0.7298099762470309 0.10570469798657718 0.08432304038004751
1 0.42701342281879195 0.8628266033254157 0.598993288590604 0.10095011876484561
1 0.8246644295302014 0.8646080760095012 0.1761744966442953 0.0997624703087886
