0 0.07995735607675906 0.5140845070422535 0.14712153518123666 0.8591549295774648
0 0.18443496801705755 0.5140845070422535 0.04051172707889126 0.8309859154929577
0 0.23347547974413646 0.5140845070422535 0.04051172707889126 0.8309859154929577
0 0.28251599147121537 0.5140845070422535 0.04051172707889126 0.8309859154929577
0 0.3336886993603411 0.5140845070422535 0.04051172707889126 0.8309859154929577
0 0.3805970149253731 0.528169014084507 0.04051172707889126 0.8309859154929577
0 0.43176972281449894 0.528169014084507 0.04051172707889126 0.8309859154929577
0 0.48081023454157784 0.5140845070422535 0.04051172707889126 0.8309859154929577
0 0.5298507462686567 0.5140845070422535 0.04051172707889126 0.8309859154929577
0 0.579957356076759 0.5 0.042643923240938165 0.8873239436619719
0 0.6289978678038379 0.4859154929577465 0.042643923240938165 0.8873239436619719
0 0.6876332622601279 0.47887323943661975 0.057569296375266525 0.8732394366197184
0 0.755863539445629 0.47887323943661975 0.057569296375266525 0.8732394366197184
0 0.8219616204690832 0.471830985915493 0.057569296375266525 0.8591549295774648
0 0.8901918976545842 0.47887323943661975 0.057569296375266525 0.8732394366197184
0 0.9605543710021321 0.5070422535211268 0.057569296375266525 0.8732394366197184
