0 0.5109060402684563 0.3147268408551069 0.8137583892617449 0.23990498812351546
0 0.514261744966443 0.58729216152019 0.8104026845637584 0.167458432304038
1 0.15436241610738255 0.32007125890736343 0.08389261744966443 0.2292161520190024
1 0.23238255033557045 0.32007125890736343 0.05201342281879195 0.2315914489311164
1 0.29697986577181207 0.32066508313539194 0.053691275167785234 0.2327790973871734
1 0.35570469798657717 0.3171021377672209 0.040268456375838924 0.2327790973871734
1 0.5570469798657718 0.32125890736342044 0.3422818791946309 0.22684085510688837
1 0.7709731543624161 0.32185273159144895 0.0721476510067114 0.2304038004750594
1 0.8632550335570469 0.3194774346793349 0.09563758389261745 0.2304038004750594
1 0.15436241610738255 0.5890736342042756 0.08053691275167785 0.16864608076009502
1 0.23406040268456374 0.5896674584323041 0.0587248322147651 0.16270783847981
1 0.2961409395973154 0.586104513064133 0.05536912751677852 0.16508313539192399
1 0.35570469798657717 0.5866983372921616 0.050335570469798654 0.16152019002375298
1 0.5587248322147651 0.58729216152019 0.3422818791946309 0.16508313539192399
1 0.7684563758389261 0.5878859857482186 0.06711409395973154 0.166270783847981
1 0.8632550335570469 0.5866983372921616 0.09899328859060402 0.163895486935867
