0 0.5008389261744967 0.6466745843230404 0.8137583892617449 0.09619952494061758
0 0.5008389261744967 0.32363420427553447 0.8104026845637584 0.3527315914489311
0 0.5 0.07541567695961995 0.8154362416107382 0.039192399049881234
1 0.3347315436241611 0.07363420427553445 0.4714765100671141 0.03800475059382423
1 0.6635906040268457 0.08016627078384798 0.14261744966442952 0.039192399049881234
1 0.8271812080536912 0.07779097387173398 0.14093959731543623 0.03444180522565321
1 0.24580536912751677 0.32304038004750596 0.30033557046979864 0.3515439429928741
1 0.46308724832214765 0.32363420427553447 0.09731543624161074 0.3456057007125891
1 0.5796979865771812 0.3260095011876485 0.09899328859060402 0.3503562945368171
1 0.7063758389261745 0.3248218527315915 0.11409395973154363 0.3503562945368171
1 0.839765100671141 0.32363420427553447 0.10906040268456375 0.3479809976247031
1 0.16359060402684564 0.6478622327790974 0.11577181208053691 0.09382422802850357
1 0.29697986577181207 0.6460807600950119 0.10738255033557047 0.09026128266033255
1 0.412751677852349 0.6466745843230404 0.09395973154362416 0.09382422802850357
1 0.535234899328859 0.6484560570071259 0.10738255033557047 0.09263657957244656
1 0.6728187919463087 0.6466745843230404 0.13758389261744966 0.09382422802850357
1 0.8296979865771812 0.6478622327790974 0.1325503355704698 0.09144893111638955
