0 0.5016806722689076 0.2470308788598575 0.757983193277311 0.27078384798099764
0 0.45378151260504207 0.6644893111638955 0.6689075630252102 0.4619952494061758
1 0.18991596638655464 0.2327790973871734 0.12100840336134455 0.24465558194774348
1 0.4075630252100841 0.2345605700712589 0.280672268907563 0.24346793349168647
1 0.6050420168067228 0.2470308788598575 0.08739495798319329 0.27078384798099764
1 0.6924369747899161 0.247624703087886 0.05714285714285715 0.2695961995249406
1 0.7647058823529412 0.2470308788598575 0.060504201680672276 0.27078384798099764
1 0.8411764705882353 0.247624703087886 0.05882352941176471 0.2695961995249406
1 0.3739495798319328 0.6656769596199525 0.4957983193277311 0.46437054631828983
1 0.7109243697478992 0.666270783847981 0.14453781512605043 0.4655581947743468
