0 0.5008389261744967 0.1324228028503563 0.9177852348993288 0.09619952494061758
0 0.5016778523489933 0.8699524940617578 0.825503355704698 0.07719714964370547
1 0.18288590604026844 0.13123515439429928 0.27181208053691275 0.09144893111638955
1 0.37667785234899326 0.1324228028503563 0.06879194630872483 0.09382422802850357
1 0.45385906040268453 0.13123515439429928 0.06208053691275168 0.09382422802850357
1 0.5369127516778524 0.13123515439429928 0.07046979865771812 0.09382422802850357
1 0.6149328859060402 0.1324228028503563 0.06208053691275168 0.09382422802850357
1 0.6937919463087249 0.13182897862232779 0.06543624161073826 0.09263657957244656
1 0.7692953020134228 0.1300475059382423 0.06208053691275168 0.09144893111638955
1 0.8506711409395973 0.1336104513064133 0.06711409395973154 0.09619952494061758
1 0.9286912751677853 0.1324228028503563 0.06208053691275168 0.09382422802850357
1 0.2046979865771812 0.8711401425178148 0.2181208053691275 0.07482185273159145
1 0.3934563758389262 0.8806413301662708 0.0587248322147651 0.05581947743467934
1 0.46560402684563756 0.8800475059382423 0.0587248322147651 0.057007125890736345
1 0.5369127516778524 0.8818289786223278 0.04697986577181208 0.05581947743467934
1 0.6006711409395973 0.8806413301662708 0.060402684563758385 0.05581947743467934
1 0.6736577181208053 0.8806413301662708 0.05201342281879195 0.05581947743467934
1 0.7416107382550335 0.8794536817102138 0.050335570469798654 0.05581947743467934
1 0.8120805369127516 0.8812351543942993 0.050335570469798654 0.057007125890736345
1 0.8808724832214765 0.8806413301662708 0.05704697986577181 0.05581947743467934
