0 0.5050335570469798 0.2838479809976247 0.8120805369127516 0.28741092636579574
0 0.4983221476510067 0.6401425178147269 0.8120805369127516 0.29691211401425177
0 0.4983221476510067 0.8925178147268409 0.8120805369127516 0.0819477434679335
1 0.22315436241610737 0.2856294536817102 0.25167785234899326 0.2862232779097387
1 0.348993288590604 0.4287410926365796 0.0 0.0
1 0.43875838926174493 0.2826603325415677 0.14261744966442952 0.2850356294536817
1 0.584731543624161 0.2850356294536817 0.12248322147651007 0.28741092636579574
1 0.7197986577181208 0.2820665083135392 0.11409395973154363 0.2862232779097387
1 0.8456375838926175 0.2832541567695962 0.11073825503355704 0.2838479809976247
1 0.21644295302013422 0.6419239904988123 0.24161073825503354 0.2933491686460808
1 0.4211409395973154 0.6413301662707839 0.1476510067114094 0.29691211401425177
1 0.5763422818791947 0.6442992874109263 0.13590604026845637 0.2933491686460808
1 0.7156040268456376 0.6383610451306414 0.11577181208053691 0.29572446555819476
1 0.8431208053691275 0.6395486935866984 0.10906040268456375 0.29097387173396677
1 0.2483221476510067 0.8907363420427554 0.3087248322147651 0.07838479809976247
1 0.4773489932885906 0.8925178147268409 0.11577181208053691 0.07719714964370547
1 0.6115771812080537 0.8925178147268409 0.11912751677852348 0.07719714964370547
1 0.7323825503355704 0.8913301662707839 0.09563758389261745 0.0819477434679335
1 0.8481543624161073 0.8913301662707839 0.1023489932885906 0.07719714964370547
