0 0.48406040268456374 0.3123515439429929 0.7701342281879194 0.45605700712589076
0 0.5008389261744967 0.7399049881235155 0.7802013422818792 0.332541567695962
1 0.11828859060402684 0.3117577197149644 0.03523489932885906 0.4524940617577197
1 0.2424496644295302 0.31294536817102137 0.1761744966442953 0.45486935866983375
1 0.44211409395973156 0.3123515439429929 0.18624161073825504 0.45368171021377673
1 0.6375838926174496 0.31294536817102137 0.16442953020134227 0.45724465558194777
1 0.799496644295302 0.31294536817102137 0.11577181208053691 0.45486935866983375
1 0.13506711409395972 0.739311163895487 0.04194630872483222 0.328978622327791
1 0.26593959731543626 0.739311163895487 0.1761744966442953 0.331353919239905
1 0.48657718120805366 0.7399049881235155 0.2181208053691275 0.33016627078384797
1 0.6677852348993288 0.740498812351544 0.1040268456375839 0.328978622327791
1 0.8087248322147651 0.740498812351544 0.1476510067114094 0.331353919239905
