0 0.4987898346107301 0.4080672748004561 0.6885841064945543 0.11488027366020524
0 0.5020169423154498 0.6098916761687572 0.6789027833803953 0.20895096921322692
0 0.5060508269463493 0.8199828962371722 0.6789027833803953 0.14452679589509693
1 0.29286002420330776 0.4160490307867731 0.2662363856393707 0.09321550741163057
1 0.5014118596208148 0.4150513112884835 0.1290843081887858 0.09692132269099202
1 0.6472367890278338 0.4166191562143672 0.14400968132311415 0.09606613454960092
1 0.7851956434045986 0.41562143671607754 0.11012505042355789 0.09007981755986318
1 0.3225090762404195 0.6151653363740023 0.2956837434449375 0.18928164196123148
1 0.5316659943525615 0.6161630558722919 0.10084711577248891 0.18899657924743443
1 0.6607503025413473 0.6165906499429875 0.12263009277934651 0.18415051311288483
1 0.7837837837837838 0.6155929304446979 0.09923356192012908 0.18614595210946408
1 0.3098023396530859 0.8266818700114026 0.2646228317870109 0.11972633979475485
1 0.5250100847115773 0.8279646522234891 0.13836224283985477 0.11887115165336375
1 0.6498588140379185 0.8271094640820981 0.0927793465106898 0.11488027366020524
1 0.7722872125857201 0.8275370581527937 0.11980637353771682 0.11573546180159636
