0 0.4907718120805369 0.11342042755344418 0.7701342281879194 0.13895486935866985
0 0.4890939597315436 0.3188836104513064 0.7667785234899329 0.16983372921615203
0 0.4924496644295302 0.5623515439429929 0.7667785234899329 0.22209026128266035
0 0.4949664429530201 0.7838479809976248 0.761744966442953 0.11163895486935868
1 0.2986577181208054 0.1163895486935867 0.37919463087248323 0.1330166270783848
1 0.5939597315436241 0.11104513064133018 0.174496644295302 0.13657957244655583
1 0.785234899328859 0.11282660332541568 0.174496644295302 0.14251781472684086
1 0.1820469798657718 0.32007125890736343 0.12583892617449663 0.16983372921615203
1 0.3775167785234899 0.32066508313539194 0.23154362416107382 0.17339667458432304
1 0.5931208053691275 0.3194774346793349 0.1761744966442953 0.16864608076009502
1 0.7793624161073825 0.3171021377672209 0.17953020134228187 0.17339667458432304
1 0.299496644295302 0.5599762470308789 0.37416107382550334 0.2149643705463183
1 0.5914429530201342 0.5653206650831354 0.18288590604026844 0.2161520190023753
1 0.7827181208053691 0.5641330166270784 0.16946308724832215 0.22090261282660334
1 0.3028523489932886 0.7850356294536818 0.3808724832214765 0.11163895486935868
1 0.5939597315436241 0.7832541567695962 0.17785234899328858 0.10807600950118765
1 0.7802013422818792 0.7838479809976248 0.17785234899328858 0.11163895486935868
