0 0.7928921568627452 0.6349431818181819 0.30637254901960786 0.10637626262626264
0 0.4893790849673203 0.4266098484848485 0.9248366013071896 0.2850378787878788
1 0.7128267973856209 0.6358901515151516 0.14297385620915032 0.10827020202020203
1 0.8809232026143791 0.6343118686868687 0.12785947712418302 0.10511363636363637
1 0.09252450980392157 0.4248737373737374 0.12785947712418302 0.2777777777777778
1 0.3000408496732026 0.4266098484848485 0.26838235294117646 0.2831439393939394
1 0.23080065359477125 0.31297348484848486 0.12663398692810457 0.05145202020202021
1 0.3656045751633987 0.31297348484848486 0.12663398692810457 0.05145202020202021
1 0.4948937908496732 0.42550505050505055 0.10743464052287582 0.2790404040404041
1 0.6521650326797386 0.31439393939393945 0.2013888888888889 0.05050505050505051
1 0.7540849673202614 0.3396464646464647 0.0 0.0
1 0.573733660130719 0.45501893939393945 0.039624183006535946 0.228219696969697
1 0.6758578431372549 0.4523358585858586 0.14583333333333334 0.2272727272727273
1 0.8515114379084967 0.31234217171717177 0.1948529411764706 0.05271464646464647
1 0.8502859477124183 0.45501893939393945 0.1948529411764706 0.228219696969697
1 0.7984068627450981 0.31234217171717177 0.08047385620915033 0.05271464646464647
1 0.8978758169934641 0.3118686868686869 0.10212418300653595 0.051767676767676775
