0 0.5109060402684563 0.3283847980997625 0.9312080536912751 0.5
0 0.5092281879194631 0.6621140142517815 0.9312080536912751 0.11757719714964371
0 0.4983221476510067 0.7903800475059383 0.7684563758389261 0.05581947743467934
1 0.0587248322147651 0.33016627078384797 0.016778523489932886 0.503562945368171
1 0.1417785234899329 0.32541567695962 0.13590604026845637 0.494061757719715
1 0.2684563758389262 0.3260095011876485 0.09731543624161074 0.49762470308788603
1 0.38674496644295303 0.327790973871734 0.11912751677852348 0.498812351543943
1 0.48657718120805366 0.327790973871734 0.06711409395973154 0.501187648456057
1 0.6375838926174496 0.328978622327791 0.21476510067114093 0.498812351543943
1 0.8632550335570469 0.3271971496437055 0.2197986577181208 0.492874109263658
1 0.11912751677852348 0.6609263657957245 0.13758389261744966 0.1152019002375297
1 0.25419463087248323 0.6609263657957245 0.1023489932885906 0.11282660332541568
1 0.38003355704697983 0.6621140142517815 0.11241610738255034 0.11282660332541568
1 0.4823825503355705 0.661520190023753 0.07550335570469799 0.11163895486935868
1 0.6342281879194631 0.663895486935867 0.2046979865771812 0.1163895486935867
1 0.8590604026845637 0.66270783847981 0.21476510067114093 0.10926365795724466
1 0.21140939597315436 0.7927553444180523 0.18120805369127516 0.048693586698337295
1 0.39932885906040266 0.7909738717339668 0.17785234899328858 0.04750593824228029
1 0.5956375838926175 0.7909738717339668 0.174496644295302 0.045130641330166275
1 0.785234899328859 0.7915676959619953 0.18456375838926173 0.048693586698337295
