0 0.5369127516778524 0.14370546318289787 0.8120805369127516 0.19239904988123516
0 0.537751677852349 0.42399049881235157 0.8104026845637584 0.2684085510688836
1 0.1568791946308725 0.14489311163895488 0.03859060402684564 0.19477434679334918
1 0.36073825503355705 0.14548693586698339 0.3389261744966443 0.18883610451306415
1 0.6384228187919463 0.14370546318289787 0.18959731543624161 0.19002375296912116
1 0.8414429530201342 0.14370546318289787 0.18959731543624161 0.19239904988123516
1 0.15604026845637584 0.4257719714964371 0.040268456375838924 0.26247030878859856
1 0.3598993288590604 0.42399049881235157 0.34060402684563756 0.26365795724465557
1 0.6375838926174496 0.4251781472684086 0.18791946308724833 0.2660332541567696
1 0.8431208053691275 0.42399049881235157 0.18959731543624161 0.2660332541567696
