0 0.5159395973154363 0.7214964370546318 0.8473154362416108 0.2292161520190024
0 0.47818791946308725 0.8889548693586699 0.7684563758389261 0.043942992874109264
1 0.17701342281879195 0.7226840855106889 0.16946308724832215 0.22684085510688837
1 0.3657718120805369 0.7209026128266034 0.18120805369127516 0.22327790973871736
1 0.5176174496644296 0.7214964370546318 0.09899328859060402 0.22209026128266035
1 0.6157718120805369 0.7203087885985748 0.08389261744966443 0.2292161520190024
1 0.8003355704697986 0.7232779097387174 0.2651006711409396 0.22802850356294538
1 0.11409395973154363 0.8895486935866984 0.030201342281879193 0.040380047505938245
1 0.4001677852348993 0.8883610451306414 0.511744966442953 0.04750593824228029
1 0.764261744966443 0.8895486935866984 0.17953020134228187 0.040380047505938245
