0 0.8386437908496732 0.20202020202020204 0.2450980392156863 0.10732323232323233
0 0.49754901960784315 0.46401515151515155 0.9354575163398693 0.37878787878787884
1 0.04146241830065359 0.4643308080808081 0.02573529411764706 0.3693181818181818
1 0.09783496732026144 0.46385732323232326 0.0763888888888889 0.3746843434343435
1 0.25388071895424835 0.46227904040404044 0.2218137254901961 0.3715277777777778
1 0.4056372549019608 0.4611742424242425 0.06535947712418301 0.3693181818181818
1 0.5051062091503268 0.46243686868686873 0.11151960784313726 0.3693181818181818
1 0.5935457516339869 0.4607007575757576 0.057189542483660136 0.37026515151515155
1 0.6609477124183006 0.4633838383838384 0.05555555555555556 0.37373737373737376
1 0.7207924836601307 0.4629103535353536 0.05024509803921569 0.36837121212121215
1 0.8018790849673203 0.4597537878787879 0.09803921568627451 0.37026515151515155
1 0.9087009803921569 0.4611742424242425 0.10743464052287582 0.3693181818181818
1 0.7665441176470589 0.20407196969696972 0.09272875816993464 0.10321969696969698
1 0.8911356209150327 0.20186237373737376 0.12377450980392157 0.10321969696969698
