0 0.5008389261744967 0.28978622327790976 0.7634228187919463 0.08551068883610452
0 0.5016778523489933 0.4934679334916865 0.761744966442953 0.2339667458432304
0 0.5016778523489933 0.7701900237529692 0.7583892617449665 0.2339667458432304
1 0.1820469798657718 0.28919239904988125 0.10570469798657718 0.08432304038004751
1 0.3062080536912752 0.29038004750593827 0.10570469798657718 0.0819477434679335
1 0.43540268456375836 0.29038004750593827 0.10906040268456375 0.0819477434679335
1 0.5620805369127516 0.29038004750593827 0.10738255033557047 0.0819477434679335
1 0.6879194630872483 0.29038004750593827 0.10738255033557047 0.0819477434679335
1 0.8171140939597316 0.29097387173396677 0.11409395973154363 0.0831353919239905
1 0.1820469798657718 0.4934679334916865 0.09899328859060402 0.2339667458432304
1 0.3062080536912752 0.4934679334916865 0.10906040268456375 0.2315914489311164
1 0.4312080536912752 0.494061757719715 0.10738255033557047 0.23752969121140144
1 0.5612416107382551 0.491686460807601 0.10906040268456375 0.23515439429928742
1 0.6870805369127516 0.4934679334916865 0.10570469798657718 0.2339667458432304
1 0.8162751677852349 0.4934679334916865 0.11241610738255034 0.2339667458432304
1 0.1820469798657718 0.7713776722090262 0.09899328859060402 0.2315914489311164
1 0.3062080536912752 0.7701900237529692 0.10906040268456375 0.2339667458432304
1 0.436241610738255 0.7701900237529692 0.11073825503355704 0.2315914489311164
1 0.5629194630872483 0.7707838479809976 0.11241610738255034 0.2327790973871734
1 0.6912751677852349 0.7713776722090262 0.10738255033557047 0.2339667458432304
1 0.8162751677852349 0.7701900237529692 0.11241610738255034 0.2339667458432304
