0 0.0974145891043398 0.4978165938864629 0.1745152354570637 0.9737991266375545
0 0.24699907663896584 0.5010917030567685 0.11542012927054478 0.9803493449781658
0 0.3758079409048938 0.4978165938864629 0.1348107109879963 0.9781659388646288
0 0.4662973222530009 0.5 0.038781163434903045 0.982532751091703
0 0.5060018467220683 0.4967248908296943 0.038781163434903045 0.9803493449781658
0 0.5493998153277931 0.49454148471615716 0.038781163434903045 0.9759825327510917
0 0.5904893813481071 0.49563318777292575 0.034164358264081256 0.9781659388646288
0 0.6283471837488458 0.49563318777292575 0.034164358264081256 0.9781659388646288
0 0.6680517082179132 0.4978165938864629 0.034164358264081256 0.982532751091703
0 0.7059095106186518 0.4967248908296943 0.034164358264081256 0.9803493449781658
0 0.7437673130193906 0.4978165938864629 0.034164358264081256 0.982532751091703
0 0.7816251154201292 0.4978165938864629 0.034164358264081256 0.982532751091703
0 0.8194829178208679 0.49563318777292575 0.034164358264081256 0.9781659388646288
0 0.8554939981532779 0.4967248908296943 0.034164358264081256 0.9803493449781658
0 0.8951985226223453 0.4978165938864629 0.034164358264081256 0.982532751091703
0 0.9349030470914127 0.5021834061135371 0.034164358264081256 0.9868995633187773
0 0.9764542936288089 0.5021834061135371 0.034164358264081256 0.9868995633187773
