0 0.056218057921635436 0.5066225165562914 0.07155025553662692 0.9602649006622517
0 0.13884156729131175 0.5016556291390728 0.07325383304940375 0.956953642384106
0 0.227427597955707 0.5033112582781457 0.07325383304940375 0.9602649006622517
0 0.3143100511073254 0.4966887417218543 0.07325383304940375 0.9668874172185431
0 0.40630323679727426 0.49834437086092714 0.07325383304940375 0.9701986754966887
0 0.49148211243611584 0.5033112582781457 0.07325383304940375 0.9602649006622517
0 0.5800681431005111 0.5049668874172185 0.07325383304940375 0.9635761589403974
0 0.67206132879046 0.5016556291390728 0.07325383304940375 0.956953642384106
0 0.7538330494037478 0.5033112582781457 0.07325383304940375 0.9602649006622517
0 0.8475298126064736 0.5016556291390728 0.07325383304940375 0.956953642384106
0 0.9310051107325383 0.5033112582781457 0.07325383304940375 0.9602649006622517
