0 0.27666119770303527 0.5146964856230032 0.4278096800656276 0.7124600638977636
0 0.7286710418375718 0.36996805111821085 0.42945036915504514 0.11182108626198084
1 0.11874487284659557 0.515335463258786 0.09310910582444627 0.7073482428115017
1 0.18867924528301888 0.5148562300319489 0.03281378178835111 0.7083067092651757
1 0.2358490566037736 0.513738019169329 0.045118949958982774 0.7041533546325879
1 0.302707136997539 0.5162939297124601 0.06972928630024611 0.7092651757188498
1 0.3648482362592289 0.5159744408945687 0.03814602132895816 0.7060702875399362
1 0.42227235438884336 0.515335463258786 0.043888433141919606 0.7073482428115017
1 0.4755947497949139 0.5185303514376997 0.04634946677604594 0.7156549520766773
1 0.4708777686628384 0.9258785942492013 0.04757998359310911 0.10095846645367412
1 0.30762920426579166 0.9297124600638977 0.09023789991796555 0.10223642172523961
1 0.13986874487284662 0.9313099041533547 0.15996718621821165 0.09904153354632587
1 0.5857260049220673 0.23530351437699681 0.14602132895816244 0.14920127795527158
1 0.7444626743232158 0.23466453674121407 0.06972928630024611 0.1523961661341853
1 0.9130434782608696 0.23945686900958468 0.05742411812961444 0.1575079872204473
1 0.5904429860541428 0.5297124600638978 0.15299425758818705 0.18210862619808307
1 0.7629204265791633 0.5324281150159744 0.09844134536505333 0.1939297124600639
1 0.9159146841673503 0.5349840255591054 0.05988515176374078 0.2035143769968051
