0 0.537751677852349 0.2137767220902613 0.8305369127516778 0.11876484560570072
0 0.5419463087248322 0.45486935866983375 0.8389261744966443 0.2517814726840855
0 0.5335570469798657 0.7262470308788599 0.8389261744966443 0.21021377672209027
1 0.14681208053691275 0.2298099762470309 0.04530201342281879 0.08907363420427554
1 0.412751677852349 0.22684085510688837 0.4664429530201342 0.0831353919239905
1 0.7307046979865771 0.2292161520190024 0.13926174496644295 0.0831353919239905
1 0.8791946308724832 0.2292161520190024 0.13758389261744966 0.08551068883610452
1 0.1459731543624161 0.46971496437054633 0.04697986577181208 0.2173396674584323
1 0.4093959731543624 0.47149643705463185 0.46308724832214765 0.2161520190023753
1 0.7298657718120806 0.47030878859857483 0.13758389261744966 0.21852731591448932
1 0.8808724832214765 0.4691211401425178 0.1342281879194631 0.2161520190023753
1 0.14681208053691275 0.742874109263658 0.04530201342281879 0.1793349168646081
1 0.4135906040268456 0.741686460807601 0.45805369127516776 0.17695961995249407
1 0.7273489932885906 0.7422802850356295 0.14261744966442952 0.17577197149643706
1 0.8808724832214765 0.741686460807601 0.13087248322147652 0.17695961995249407
