0 0.04230235783633842 0.5039637599093998 0.07489597780859918 0.9966024915062288
0 0.02444521497919556 0.5121744054360137 0.032246879334257975 0.9643261608154021
0 0.06067961165048544 0.5133069082672707 0.031206657420249653 0.9665911664779162
0 0.1277739251040222 0.5028312570781427 0.07732316227461859 0.9909399773499434
0 0.24583911234396671 0.5028312570781427 0.1421636615811373 0.9909399773499434
0 0.3630374479889043 0.5028312570781427 0.043689320388349516 0.9875424688561723
0 0.40343273231622745 0.5 0.032246879334257975 0.9966024915062288
0 0.45145631067961167 0.49716874292185737 0.038141470180305136 0.9875424688561723
0 0.4935852981969487 0.5028312570781427 0.030166435506241332 0.9875424688561723
0 0.5428224687933426 0.5019818799546999 0.04958391123439667 0.992638731596829
0 0.6121705963938974 0.5019818799546999 0.07732316227461859 0.992638731596829
0 0.6837725381414702 0.5 0.049930651872399444 0.9886749716874292
0 0.7871012482662968 0.5011325028312571 0.13869625520110956 0.9909399773499434
0 0.912621359223301 0.5008493771234428 0.04299583911234397 0.9869762174405436
0 0.9703536754507629 0.49886749716874296 0.05443828016643551 0.9909399773499434
