0 0.028275862068965516 0.4797794117647059 0.037241379310344824 0.9301470588235294
0 0.21034482758620687 0.4797794117647059 0.3158620689655172 0.9227941176470588
0 0.4172413793103448 0.47610294117647056 0.07862068965517241 0.9154411764705882
0 0.4958620689655172 0.4742647058823529 0.06758620689655172 0.9191176470588235
0 0.5717241379310345 0.4742647058823529 0.06758620689655172 0.9191176470588235
0 0.6462068965517241 0.47058823529411764 0.06758620689655172 0.9191176470588235
0 0.7193103448275862 0.47058823529411764 0.06758620689655172 0.9191176470588235
0 0.7924137931034482 0.46691176470588236 0.06758620689655172 0.9117647058823529
0 0.8682758620689655 0.46875 0.06758620689655172 0.9154411764705882
0 0.94 0.46875 0.06758620689655172 0.9154411764705882
0 0.6758620689655171 0.5128676470588235 0.6013793103448275 0.8345588235294118
