0 0.44295302013422816 0.33788598574821854 0.6711409395973155 0.5071258907363421
0 0.46560402684563756 0.8052256532066508 0.5687919463087249 0.1995249406175772
1 0.13338926174496643 0.33669833729216153 0.031879194630872486 0.502375296912114
1 0.24916107382550334 0.33788598574821854 0.1761744966442953 0.5071258907363421
1 0.5243288590604027 0.336104513064133 0.33053691275167785 0.503562945368171
1 0.7416107382550335 0.33788598574821854 0.053691275167785234 0.504750593824228
1 0.22986577181208054 0.8117577197149644 0.09060402684563758 0.19121140142517815
1 0.3422818791946309 0.8117577197149644 0.10738255033557047 0.1840855106888361
1 0.473993288590604 0.8135391923990499 0.10906040268456375 0.18527315914489312
1 0.6459731543624161 0.8129453681710214 0.18120805369127516 0.1793349168646081
