0 0.49748322147651003 0.3830166270783848 0.8070469798657718 0.35748218527315917
0 0.49748322147651003 0.744061757719715 0.8137583892617449 0.24346793349168647
1 0.26174496644295303 0.3812351543942993 0.33557046979865773 0.35629453681710216
1 0.4907718120805369 0.3842042755344418 0.09899328859060402 0.3527315914489311
1 0.6006711409395973 0.3836104513064133 0.10067114093959731 0.35391923990498814
1 0.7181208053691275 0.3812351543942993 0.11073825503355704 0.35629453681710216
1 0.839765100671141 0.3836104513064133 0.10906040268456375 0.3515439429928741
1 0.1476510067114094 0.744061757719715 0.10738255033557047 0.2482185273159145
1 0.2407718120805369 0.745249406175772 0.06543624161073826 0.23871733966745845
1 0.3271812080536913 0.745249406175772 0.08053691275167785 0.24346793349168647
1 0.42953020134228187 0.746437054631829 0.09395973154362416 0.24109263657957244
1 0.5419463087248322 0.744061757719715 0.10738255033557047 0.23871733966745845
1 0.6535234899328859 0.745249406175772 0.09563758389261745 0.24109263657957244
1 0.7609060402684563 0.745249406175772 0.09228187919463086 0.24346793349168647
1 0.8590604026845637 0.742874109263658 0.07718120805369127 0.23634204275534443
