0 0.4798657718120805 0.13717339667458434 0.7416107382550335 0.10807600950118765
0 0.4823825503355705 0.30344418052256533 0.7466442953020134 0.11282660332541568
1 0.21392617449664428 0.13657957244655583 0.2030201342281879 0.10451306413301663
1 0.44211409395973156 0.13776722090261284 0.22986577181208054 0.10688836104513065
1 0.5973154362416108 0.13776722090261284 0.06375838926174497 0.10926365795724466
1 0.6778523489932886 0.13657957244655583 0.0738255033557047 0.10688836104513065
1 0.7869127516778524 0.13776722090261284 0.1174496644295302 0.10451306413301663
1 0.21392617449664428 0.30403800475059384 0.19966442953020133 0.10451306413301663
1 0.43708053691275167 0.30344418052256533 0.22651006711409397 0.10570071258907364
1 0.5998322147651006 0.3022565320665083 0.06543624161073826 0.11045130641330167
1 0.6795302013422818 0.30403800475059384 0.06711409395973154 0.10926365795724466
1 0.785234899328859 0.30581947743467935 0.1174496644295302 0.10807600950118765
