0 0.5226510067114094 0.19061757719714964 0.5016778523489933 0.21021377672209027
0 0.5234899328859061 0.6264845605700713 0.7013422818791946 0.5570071258907364
1 0.3548657718120805 0.19299287410926366 0.15604026845637584 0.2173396674584323
1 0.5192953020134228 0.18942992874109266 0.15604026845637584 0.21021377672209027
1 0.6879194630872483 0.19180522565320665 0.15771812080536912 0.21021377672209027
1 0.21140939597315436 0.653206650831354 0.06375838926174497 0.503562945368171
1 0.29446308724832215 0.653206650831354 0.08557046979865772 0.498812351543943
1 0.46308724832214765 0.6549881235154394 0.22147651006711408 0.504750593824228
1 0.62751677852349 0.654394299287411 0.09395973154362416 0.501187648456057
1 0.7281879194630873 0.654394299287411 0.09395973154362416 0.503562945368171
1 0.8296979865771812 0.652019002375297 0.08221476510067113 0.501187648456057
