0 0.5134228187919463 0.2755344418052257 0.7248322147651006 0.15676959619952494
0 0.5176174496644296 0.6591448931116389 0.7432885906040269 0.5178147268408552
1 0.2550335570469799 0.2761282660332542 0.19463087248322147 0.14845605700712589
1 0.4521812080536913 0.27315914489311166 0.17953020134228187 0.1496437054631829
1 0.625 0.2773159144893112 0.1493288590604027 0.15320665083135393
1 0.7919463087248322 0.27434679334916867 0.15436241610738255 0.15201900237529692
1 0.17701342281879195 0.6591448931116389 0.04865771812080537 0.5154394299287411
1 0.26677852348993286 0.7036817102137768 0.10067114093959731 0.42161520190023755
1 0.42197986577181207 0.7054631828978623 0.17953020134228187 0.4156769596199525
1 0.575503355704698 0.6591448931116389 0.1040268456375839 0.5106888361045131
1 0.6761744966442953 0.6573634204275535 0.0738255033557047 0.5142517814726841
1 0.8045302013422818 0.6591448931116389 0.1493288590604027 0.5130641330166271
