0 0.4966442953020134 0.3485748218527316 0.8053691275167785 0.3028503562945368
0 0.5033557046979865 0.10391923990498812 0.8288590604026845 0.053444180522565325
0 0.5 0.6894299287410927 0.8120805369127516 0.21971496437054633
1 0.24412751677852348 0.11876484560570072 0.2902684563758389 0.07363420427553445
1 0.4001677852348993 0.1336104513064133 0.01174496644295302 0.013064133016627079
1 0.660234899328859 0.10807600950118765 0.5083892617449665 0.0498812351543943
1 0.12416107382550336 0.3485748218527316 0.060402684563758385 0.3028503562945368
1 0.5033557046979865 0.3527315914489311 0.6845637583892618 0.30403800475059384
1 0.8783557046979865 0.3473871733966746 0.03523489932885906 0.3004750593824228
1 0.12919463087248323 0.6941805225653207 0.053691275167785234 0.22446555819477435
1 0.30956375838926176 0.6876484560570072 0.2902684563758389 0.22802850356294538
1 0.537751677852349 0.6900237529691212 0.11577181208053691 0.21852731591448932
1 0.6887583892617449 0.6888361045130642 0.15604026845637584 0.22090261282660334
1 0.8456375838926175 0.6923990498812352 0.11073825503355704 0.22327790973871736
