0 0.5069327731092437 0.49137931034482757 0.8794117647058824 0.4916765755053507
0 0.7611344537815127 0.8232758620689654 0.3516806722689076 0.045481569560047556
1 0.12394957983193278 0.2724435196195006 0.10504201680672269 0.049643281807372173
1 0.26176470588235295 0.2767538644470868 0.1369747899159664 0.05053507728894173
1 0.39768907563025213 0.2739298454221165 0.11218487394957984 0.04845422116527943
1 0.5214285714285715 0.27586206896551724 0.11344537815126052 0.052318668252080855
1 0.6897058823529412 0.27482164090368605 0.2088235294117647 0.04845422116527943
1 0.873109243697479 0.276307966706302 0.1277310924369748 0.05142687277051129
1 0.11680672268907563 0.5196195005945303 0.08571428571428572 0.4250891795481569
1 0.21344537815126052 0.5196195005945303 0.08823529411764706 0.4250891795481569
1 0.38067226890756306 0.5185790725326991 0.22689075630252103 0.4212247324613555
1 0.5552521008403362 0.5181331747919143 0.08529411764705883 0.42211652794292503
1 0.6525210084033614 0.5196195005945303 0.08655462184873951 0.4209274673008323
1 0.7485294117647059 0.5206599286563615 0.0911764705882353 0.4212247324613555
1 0.8260504201680673 0.5215517241379309 0.05042016806722689 0.4230083234244946
1 0.8794117647058824 0.5211058263971462 0.039495798319327736 0.42211652794292503
1 0.9235294117647059 0.5215517241379309 0.040336134453781515 0.4230083234244946
1 0.6810924369747899 0.8243162901307965 0.18067226890756305 0.03983353151010701
1 0.8611344537815127 0.8258026159334125 0.14831932773109244 0.036860879904875146
