0 0.5444630872483222 0.2173396674584323 0.8573825503355704 0.29691211401425177
0 0.5125838926174496 0.5516627078384798 0.7802013422818792 0.23871733966745845
1 0.2835570469798658 0.2179334916864608 0.32550335570469796 0.3004750593824228
1 0.50251677852349 0.2179334916864608 0.09899328859060402 0.29572446555819476
1 0.6057046979865772 0.2173396674584323 0.09060402684563758 0.2992874109263658
1 0.7046979865771812 0.2173396674584323 0.09060402684563758 0.28978622327790976
1 0.8062080536912751 0.21912114014251782 0.1023489932885906 0.29097387173396677
1 0.9186241610738255 0.22209026128266035 0.08557046979865772 0.2945368171021378
1 0.17533557046979864 0.24228028503562946 0.09228187919463086 0.24228028503562946
1 0.3414429530201342 0.24109263657957244 0.19630872483221476 0.24465558194774348
1 0.2063758389261745 0.5564133016627079 0.12416107382550336 0.21971496437054633
1 0.33053691275167785 0.5558194774346794 0.11073825503355704 0.22327790973871736
1 0.4471476510067114 0.5522565320665084 0.07550335570469799 0.22327790973871736
1 0.5444630872483222 0.5439429928741093 0.09899328859060402 0.20902612826603326
1 0.8154362416107382 0.5611638954869359 0.174496644295302 0.23634204275534443
