0 0.5010212418300654 0.39867424242424243 0.8631535947712419 0.22285353535353536
0 0.7283496732026145 0.09769570707070709 0.3946078431372549 0.04640151515151516
1 0.5990604575163399 0.09722222222222222 0.11968954248366014 0.042929292929292935
1 0.7303921568627452 0.0992739898989899 0.11846405228758171 0.043244949494949496
1 0.8617238562091504 0.10101010101010102 0.1090686274509804 0.0441919191919192
1 0.16401143790849673 0.31123737373737376 0.17851307189542484 0.0441919191919192
1 0.3116830065359477 0.3102904040404041 0.08415032679738563 0.0441919191919192
1 0.39889705882352944 0.3107638888888889 0.06821895424836602 0.043244949494949496
1 0.49693627450980393 0.3102904040404041 0.1090686274509804 0.0441919191919192
1 0.6092728758169935 0.3107638888888889 0.0886437908496732 0.043244949494949496
1 0.7295751633986929 0.3098169191919192 0.12254901960784315 0.043244949494949496
1 0.8660130718954249 0.3107638888888889 0.12254901960784315 0.043244949494949496
1 0.10334967320261439 0.42077020202020204 0.06781045751633988 0.1767676767676768
1 0.3423202614379085 0.4228219696969697 0.3880718954248366 0.17455808080808083
1 0.5759803921568628 0.42187500000000006 0.049019607843137254 0.17897727272727273
1 0.6909722222222222 0.42077020202020204 0.05841503267973856 0.1811868686868687
1 0.7806372549019608 0.42187500000000006 0.07761437908496732 0.17897727272727273
1 0.8809232026143791 0.42077020202020204 0.09272875816993464 0.1786616161616162
