0 0.49916107382550334 0.3652019002375297 0.6728187919463087 0.4429928741092637
0 0.49748322147651003 0.7725653206650832 0.6459731543624161 0.27197149643705465
1 0.2063758389261745 0.3646080760095012 0.0738255033557047 0.4418052256532067
1 0.30033557046979864 0.3663895486935867 0.06375838926174497 0.4429928741092637
1 0.3825503355704698 0.3693586698337292 0.06711409395973154 0.4441805225653207
1 0.5125838926174496 0.3663895486935867 0.16610738255033558 0.4429928741092637
1 0.7181208053691275 0.3675771971496437 0.2046979865771812 0.44061757719714967
1 0.21140939597315436 0.7731591448931117 0.060402684563758385 0.27078384798099764
1 0.2978187919463087 0.7743467933491687 0.05536912751677852 0.2755344418052257
1 0.4773489932885906 0.7725653206650832 0.2634228187919463 0.27197149643705465
1 0.7189597315436241 0.7731591448931117 0.18624161073825504 0.27078384798099764
