0 0.50251677852349 0.23515439429928742 0.8305369127516778 0.20427553444180524
0 0.5008389261744967 0.45308788598574823 0.8271812080536912 0.1460807600950119
0 0.473993288590604 0.6300475059382423 0.7802013422818792 0.11757719714964371
0 0.47651006711409394 0.8123515439429929 0.7818791946308725 0.15676959619952494
1 0.1518456375838926 0.23752969121140144 0.11241610738255034 0.20427553444180524
1 0.2558724832214765 0.23574821852731592 0.06879194630872483 0.1983372921615202
1 0.6057046979865772 0.23574821852731592 0.6073825503355704 0.20308788598574823
1 0.15268456375838926 0.45546318289786225 0.12080536912751677 0.1460807600950119
1 0.2600671140939597 0.45486935866983375 0.053691275167785234 0.1472684085510689
1 0.6048657718120806 0.45546318289786225 0.6023489932885906 0.14845605700712589
1 0.1610738255033557 0.6312351543942993 0.1442953020134228 0.11757719714964371
1 0.5511744966442953 0.6294536817102138 0.6258389261744967 0.11876484560570072
1 0.31208053691275167 0.6365795724465558 0.14093959731543623 0.09738717339667459
1 0.4446308724832215 0.6371733966745844 0.10738255033557047 0.09619952494061758
1 0.5620805369127516 0.6371733966745844 0.09395973154362416 0.09382422802850357
1 0.671979865771812 0.6371733966745844 0.10570469798657718 0.09619952494061758
1 0.8036912751677853 0.6365795724465558 0.10738255033557047 0.0997624703087886
1 0.1417785234899329 0.8105700712589075 0.08892617449664429 0.15320665083135393
1 0.5335570469798657 0.8141330166270784 0.6510067114093959 0.15320665083135393
