0 0.024277456647398846 0.5093333333333333 0.034682080924855495 0.9653333333333333
0 0.11156069364161851 0.508 0.11676300578034683 0.9733333333333333
0 0.21445086705202313 0.5013333333333333 0.04046242774566474 0.9706666666666667
0 0.26184971098265897 0.49866666666666665 0.04046242774566474 0.9653333333333333
0 0.3127167630057804 0.5093333333333333 0.04046242774566474 0.96
0 0.3936416184971098 0.5093333333333333 0.10751445086705202 0.96
0 0.47803468208092487 0.5053333333333333 0.03815028901734104 0.9626666666666667
0 0.5572254335260116 0.5053333333333333 0.10635838150289018 0.9626666666666667
0 0.639306358381503 0.5053333333333333 0.043930635838150295 0.9733333333333333
0 0.692485549132948 0.5026666666666666 0.043930635838150295 0.968
0 0.7502890173410405 0.5053333333333333 0.043930635838150295 0.9733333333333333
0 0.8023121387283237 0.5053333333333333 0.043930635838150295 0.9733333333333333
0 0.8612716763005781 0.5026666666666666 0.043930635838150295 0.968
0 0.9416184971098267 0.504 0.10520231213872833 0.9706666666666667
