0 0.5218120805369127 0.7678147268408552 0.8288590604026845 0.2339667458432304
0 0.5041946308724832 0.4910926365795725 0.7902684563758389 0.3004750593824228
0 0.5125838926174496 0.22209026128266035 0.7231543624161074 0.12589073634204276
1 0.22147651006711408 0.22149643705463185 0.12416107382550336 0.12232779097387174
1 0.4337248322147651 0.21912114014251782 0.26677852348993286 0.12470308788598575
1 0.7223154362416108 0.22030878859857483 0.2802013422818792 0.11757719714964371
1 0.2651006711409396 0.4922802850356295 0.2953020134228188 0.2933491686460808
1 0.13590604026845637 0.5041567695961996 0.030201342281879193 0.26247030878859856
1 0.28187919463087246 0.5041567695961996 0.24496644295302014 0.2600950118764846
1 0.4303691275167785 0.494061757719715 0.018456375838926176 0.29691211401425177
1 0.462248322147651 0.494061757719715 0.028523489932885907 0.2945368171021378
1 0.5 0.494061757719715 0.030201342281879193 0.2945368171021378
1 0.535234899328859 0.4922802850356295 0.020134228187919462 0.2933491686460808
1 0.5696308724832214 0.48812351543942994 0.025167785234899327 0.28978622327790976
1 0.7424496644295302 0.48990498812351546 0.29697986577181207 0.2933491686460808
1 0.26929530201342283 0.7666270783847982 0.31040268456375836 0.2315914489311164
1 0.6837248322147651 0.7684085510688836 0.5050335570469798 0.23515439429928742
