0 0.0664819944598338 0.4628099173553719 0.11634349030470914 0.8429752066115703
0 0.16689750692520774 0.4793388429752066 0.06786703601108034 0.859504132231405
0 0.24030470914127425 0.47520661157024796 0.06786703601108034 0.8512396694214877
0 0.3054016620498615 0.45867768595041325 0.054016620498614956 0.8181818181818182
0 0.36634349030470914 0.4669421487603306 0.054016620498614956 0.8347107438016529
0 0.4452908587257618 0.47520661157024796 0.054016620498614956 0.8347107438016529
0 0.5200831024930748 0.47107438016528924 0.054016620498614956 0.8264462809917356
0 0.5865650969529086 0.4545454545454546 0.054016620498614956 0.7933884297520661
0 0.6613573407202216 0.4669421487603306 0.054016620498614956 0.8181818181818182
0 0.7375346260387812 0.4628099173553719 0.054016620498614956 0.8264462809917356
0 0.7998614958448753 0.4669421487603306 0.054016620498614956 0.8347107438016529
0 0.8663434903047091 0.4628099173553719 0.054016620498614956 0.8264462809917356
0 0.9411357340720221 0.4669421487603306 0.054016620498614956 0.8347107438016529
