0 0.07847533632286996 0.4966442953020134 0.13004484304932737 0.9463087248322147
0 0.17787742899850523 0.48825503355704697 0.05680119581464873 0.9496644295302014
0 0.24962630792227206 0.4815436241610738 0.05680119581464873 0.936241610738255
0 0.33183856502242154 0.4832214765100671 0.05680119581464873 0.9395973154362416
0 0.40059790732436473 0.47818791946308725 0.05680119581464873 0.9295302013422818
0 0.4932735426008969 0.47315436241610737 0.05680119581464873 0.9194630872483222
0 0.5575485799701047 0.4748322147651007 0.05680119581464873 0.9228187919463087
0 0.6621823617339313 0.4798657718120805 0.05680119581464873 0.9328859060402684
0 0.7354260089686099 0.47818791946308725 0.05680119581464873 0.9295302013422818
0 0.8550074738415546 0.47315436241610737 0.05680119581464873 0.9261744966442953
0 0.9237668161434978 0.47651006711409394 0.05680119581464873 0.9328859060402684
