0 0.8135212418300654 0.21085858585858588 0.23815359477124184 0.10606060606060606
0 0.48651960784313725 0.393939393939394 0.8946078431372549 0.23232323232323235
1 0.7432598039215687 0.21085858585858588 0.09517973856209151 0.09974747474747475
1 0.8619281045751634 0.21038510101010102 0.12254901960784315 0.10321969696969698
1 0.05290032679738562 0.3955176767676768 0.01919934640522876 0.2316919191919192
1 0.10008169934640523 0.39441287878787884 0.06127450980392157 0.23137626262626265
1 0.24897875816993464 0.393939393939394 0.2152777777777778 0.23042929292929296
1 0.4048202614379085 0.3966224747474748 0.07761437908496732 0.22506313131313133
1 0.49407679738562094 0.3955176767676768 0.08700980392156862 0.22916666666666669
1 0.576593137254902 0.39488636363636365 0.05841503267973856 0.23042929292929296
1 0.6431781045751634 0.3955176767676768 0.06413398692810458 0.22916666666666669
1 0.7058823529411765 0.393939393939394 0.042483660130718956 0.23042929292929296
1 0.7773692810457516 0.39488636363636365 0.08415032679738563 0.23042929292929296
1 0.8782679738562091 0.3934659090909091 0.10620915032679738 0.22948232323232326
