0 0.462248322147651 0.24049881235154397 0.7030201342281879 0.2695961995249406
0 0.49161073825503354 0.6223277909738718 0.48657718120805366 0.3966745843230404
1 0.1401006711409396 0.24228028503562946 0.04865771812080537 0.27078384798099764
1 0.25 0.23693586698337293 0.15436241610738255 0.2600950118764846
1 0.4110738255033557 0.23634204275534443 0.1476510067114094 0.26365795724465557
1 0.5662751677852349 0.23693586698337293 0.13926174496644295 0.2648456057007126
1 0.7307046979865771 0.24168646080760095 0.13590604026845637 0.2600950118764846
1 0.3649328859060403 0.6359857482185274 0.22315436241610737 0.3622327790973872
1 0.5218120805369127 0.6437054631828979 0.07046979865771812 0.3515439429928741
1 0.6476510067114094 0.6431116389548693 0.15100671140939598 0.3527315914489311
