0 0.5125838926174496 0.3283847980997625 0.7701342281879194 0.336104513064133
0 0.5083892617449665 0.7102137767220903 0.7718120805369127 0.34679334916864607
1 0.22399328859060402 0.327790973871734 0.18288590604026844 0.332541567695962
1 0.3775167785234899 0.32957244655581946 0.11409395973154363 0.328978622327791
1 0.6686241610738255 0.327790973871734 0.4513422818791946 0.33016627078384797
1 0.2063758389261745 0.7131828978622328 0.16442953020134227 0.3456057007125891
1 0.35151006711409394 0.7119952494061758 0.1023489932885906 0.3456057007125891
1 0.4681208053691275 0.7096199524940617 0.11073825503355704 0.3432304038004751
1 0.5880872483221476 0.7096199524940617 0.1023489932885906 0.3456057007125891
1 0.7072147651006712 0.7125890736342043 0.11241610738255034 0.34679334916864607
1 0.8296979865771812 0.7119952494061758 0.10906040268456375 0.3479809976247031
