0 0.02850877192982456 0.1954732510288066 0.043859649122807015 0.3827160493827161
0 0.02850877192982456 0.7469135802469137 0.043859649122807015 0.5061728395061729
0 0.40021929824561403 0.7386831275720165 0.6688596491228069 0.5226337448559671
0 0.7719298245614035 0.7489711934156379 0.043859649122807015 0.5102880658436214
0 0.8399122807017544 0.7407407407407408 0.05263157894736842 0.5020576131687243
0 0.9024122807017544 0.7489711934156379 0.041666666666666664 0.5102880658436214
0 0.9660087719298245 0.7448559670781894 0.05043859649122807 0.5185185185185186
0 0.3958333333333333 0.20370370370370372 0.6688596491228069 0.37448559670781895
0 0.7708333333333333 0.205761316872428 0.046052631578947366 0.3868312757201646
0 0.8388157894736842 0.1954732510288066 0.05921052631578947 0.3827160493827161
0 0.9046052631578947 0.205761316872428 0.041666666666666664 0.39506172839506176
0 0.9714912280701754 0.18930041152263377 0.04824561403508772 0.37860082304526754
