0 0.514261744966443 0.2975059382422803 0.8104026845637584 0.336104513064133
0 0.5067114093959731 0.6811163895486936 0.7953020134228188 0.09382422802850357
1 0.29697986577181207 0.29691211401425177 0.35906040268456374 0.332541567695962
1 0.5159395973154363 0.29572446555819476 0.04865771812080537 0.332541567695962
1 0.5738255033557047 0.29691211401425177 0.04697986577181208 0.334916864608076
1 0.6375838926174496 0.29691211401425177 0.050335570469798654 0.332541567695962
1 0.700503355704698 0.29631828978622327 0.04865771812080537 0.333729216152019
1 0.7625838926174496 0.29691211401425177 0.04865771812080537 0.334916864608076
1 0.8548657718120806 0.2980997624703088 0.10906040268456375 0.33729216152019004
1 0.2676174496644295 0.6799287410926366 0.2936241610738255 0.09382422802850357
1 0.47063758389261745 0.6793349168646081 0.08221476510067113 0.09263657957244656
1 0.5662751677852349 0.6799287410926366 0.07885906040268456 0.09144893111638955
1 0.6610738255033557 0.6805225653206651 0.08053691275167785 0.09263657957244656
1 0.7558724832214765 0.6811163895486936 0.08221476510067113 0.09144893111638955
1 0.8548657718120806 0.6811163895486936 0.08557046979865772 0.09382422802850357
