0 0.5746644295302014 0.7785035629453682 0.6963087248322147 0.11995249406175773
0 0.5486577181208053 0.5724465558194775 0.6308724832214765 0.10688836104513065
0 0.5427852348993288 0.45308788598574823 0.6325503355704698 0.11045130641330167
0 0.5645973154362416 0.20486935866983375 0.6963087248322147 0.2505938242280285
1 0.30453020134228187 0.20308788598574823 0.1459731543624161 0.2470308788598575
1 0.47651006711409394 0.20368171021377673 0.174496644295302 0.24109263657957244
1 0.6518456375838926 0.20427553444180524 0.1493288590604027 0.23990498812351546
1 0.8196308724832214 0.20546318289786225 0.16946308724832215 0.2517814726840855
1 0.30201342281879195 0.4477434679334917 0.15436241610738255 0.10688836104513065
1 0.4832214765100671 0.4685273159144893 0.15100671140939598 0.07244655581947744
1 0.6484899328859061 0.4679334916864608 0.14261744966442952 0.0665083135391924
1 0.8053691275167785 0.47030878859857483 0.10738255033557047 0.06413301662707839
1 0.32046979865771813 0.5724465558194775 0.1610738255033557 0.10451306413301663
1 0.4790268456375839 0.5914489311163895 0.12919463087248323 0.0665083135391924
1 0.6543624161073825 0.5896674584323041 0.13758389261744966 0.0653206650831354
1 0.8145973154362416 0.5908551068883611 0.09899328859060402 0.0653206650831354
1 0.33640939597315433 0.7802850356294537 0.21644295302013422 0.11401425178147269
1 0.5184563758389261 0.7802850356294537 0.12751677852348994 0.1163895486935867
1 0.6543624161073825 0.7820665083135392 0.060402684563758385 0.11995249406175773
1 0.7726510067114094 0.7790973871733967 0.06208053691275168 0.1163895486935867
1 0.8674496644295302 0.7796912114014252 0.1040268456375839 0.11757719714964371
