0 0.5024509803921569 0.3254419191919192 0.9558823529411765 0.07260101010101011
0 0.5063316993464052 0.4071969696969697 0.9530228758169935 0.06944444444444445
0 0.5077614379084967 0.6311553030303031 0.9583333333333334 0.3071338383838384
1 0.05290032679738562 0.3244949494949495 0.051879084967320264 0.06818181818181819
1 0.12295751633986929 0.32496843434343436 0.05310457516339869 0.0735479797979798
1 0.22038398692810457 0.32496843434343436 0.10089869281045752 0.07165404040404041
1 0.3525326797385621 0.32496843434343436 0.08741830065359478 0.0735479797979798
1 0.4867238562091503 0.3255997474747475 0.06413398692810458 0.07481060606060606
1 0.6247957516339869 0.3244949494949495 0.11968954248366014 0.07260101010101011
1 0.7277369281045751 0.3265467171717172 0.06658496732026144 0.07670454545454546
1 0.7957516339869282 0.32496843434343436 0.05310457516339869 0.0735479797979798
1 0.8617238562091504 0.32496843434343436 0.06004901960784314 0.07165404040404041
1 0.9428104575163399 0.3240214646464647 0.07516339869281045 0.07165404040404041
1 0.057189542483660136 0.41808712121212127 0.049019607843137254 0.045138888888888895
1 0.12847222222222224 0.4165088383838384 0.05841503267973856 0.04829545454545455
1 0.21854575163398693 0.41808712121212127 0.07761437908496732 0.045138888888888895
1 0.36621732026143794 0.4182449494949495 0.09272875816993464 0.047348484848484855
1 0.4963235294117647 0.41714015151515155 0.06944444444444445 0.038825757575757576
1 0.6241830065359477 0.4160353535353536 0.08823529411764706 0.047348484848484855
1 0.7291666666666667 0.41871843434343436 0.06127450980392157 0.04829545454545455
1 0.7943218954248367 0.4149305555555556 0.05841503267973856 0.049558080808080815
1 0.860498366013072 0.41698232323232326 0.054330065359477125 0.047348484848484855
1 0.9509803921568628 0.4182449494949495 0.06372549019607843 0.047348484848484855
1 0.05698529411764706 0.6423611111111112 0.051879084967320264 0.28724747474747475
1 0.12316176470588236 0.6422032828282829 0.05024509803921569 0.2850378787878788
1 0.2238562091503268 0.6422032828282829 0.09395424836601307 0.2850378787878788
1 0.3533496732026144 0.6433080808080809 0.11029411764705882 0.28535353535353536
1 0.4899918300653595 0.6433080808080809 0.0763888888888889 0.28724747474747475
1 0.6154003267973857 0.6433080808080809 0.11968954248366014 0.2916666666666667
1 0.7263071895424836 0.642834595959596 0.07516339869281045 0.2881944444444445
1 0.7963643790849674 0.6401515151515152 0.051879084967320264 0.2790404040404041
1 0.8625408496732027 0.6423611111111112 0.05841503267973856 0.2809343434343435
1 0.9462826797385622 0.6410984848484849 0.07883986928104575 0.28724747474747475
