0 0.13034188034188035 0.5 0.2478632478632479 0.990950226244344
0 0.5630341880341881 0.5090497737556562 0.5961538461538463 0.9728506787330318
0 0.9316239316239318 0.5067873303167422 0.11111111111111112 0.9864253393665159
0 0.4401709401709402 0.5610859728506787 0.3290598290598291 0.8959276018099548
0 0.7382478632478633 0.5497737556561086 0.24572649572649574 0.8914027149321267
0 0.6869658119658121 0.5429864253393666 0.1260683760683761 0.8597285067873304
0 0.810897435897436 0.5610859728506787 0.07905982905982907 0.8778280542986426
0 0.3301282051282052 0.5972850678733033 0.08760683760683761 0.8054298642533937
0 0.4433760683760684 0.5859728506787331 0.09615384615384616 0.8009049773755657
0 0.5502136752136753 0.574660633484163 0.09188034188034189 0.7782805429864255
