0 0.4823825503355705 0.5231591448931117 0.8271812080536912 0.326603325415677
0 0.48406040268456374 0.8859857482185274 0.7399328859060402 0.07125890736342043
1 0.12164429530201341 0.5587885985748219 0.08892617449664429 0.2482185273159145
1 0.2575503355704698 0.5593824228028503 0.15268456375838926 0.2494061757719715
1 0.39093959731543626 0.5605700712589073 0.087248322147651 0.2517814726840855
1 0.4815436241610738 0.5593824228028503 0.06711409395973154 0.2494061757719715
1 0.5679530201342282 0.5605700712589073 0.08221476510067113 0.2517814726840855
1 0.6291946308724832 0.5605700712589073 0.016778523489932886 0.2517814726840855
1 0.6535234899328859 0.5605700712589073 0.0050335570469798654 0.25415676959619954
1 0.674496644295302 0.5593824228028503 0.010067114093959731 0.2517814726840855
1 0.7567114093959731 0.5593824228028503 0.12751677852348994 0.25653206650831356
1 0.8640939597315436 0.5587885985748219 0.060402684563758385 0.25534441805225655
1 0.16946308724832215 0.8871733966745844 0.09731543624161074 0.07125890736342043
1 0.25838926174496646 0.8853919239904988 0.053691275167785234 0.07007125890736342
1 0.32802013422818793 0.8865795724465558 0.06208053691275168 0.07007125890736342
1 0.3959731543624161 0.8859857482185274 0.0436241610738255 0.07363420427553445
1 0.462248322147651 0.8859857482185274 0.05536912751677852 0.06888361045130642
1 0.5360738255033557 0.8859857482185274 0.06208053691275168 0.07125890736342043
1 0.6040268456375839 0.8865795724465558 0.040268456375838924 0.07007125890736342
1 0.6677852348993288 0.8865795724465558 0.06375838926174497 0.07007125890736342
1 0.7458053691275167 0.8865795724465558 0.06208053691275168 0.07007125890736342
1 0.822986577181208 0.8865795724465558 0.05536912751677852 0.07007125890736342
