0 0.5016778523489933 0.2315914489311164 0.38926174496644295 0.08076009501187649
0 0.5016778523489933 0.6241092636579573 0.5302013422818792 0.09144893111638955
1 0.33808724832214765 0.23218527315914492 0.0587248322147651 0.07482185273159145
1 0.41023489932885904 0.2339667458432304 0.05201342281879195 0.07838479809976247
1 0.4748322147651007 0.2333729216152019 0.050335570469798654 0.07957244655581948
1 0.5402684563758389 0.2315914489311164 0.05704697986577181 0.07363420427553445
1 0.6065436241610738 0.2304038004750594 0.05536912751677852 0.07600950118764846
1 0.6686241610738255 0.2315914489311164 0.04530201342281879 0.07363420427553445
1 0.33305369127516776 0.6258907363420427 0.18624161073825504 0.08788598574821853
1 0.4790268456375839 0.6306413301662708 0.06208053691275168 0.06888361045130642
1 0.5486577181208053 0.6300475059382423 0.060402684563758385 0.07244655581947744
1 0.6132550335570469 0.6324228028503563 0.04530201342281879 0.0653206650831354
1 0.674496644295302 0.6324228028503563 0.05704697986577181 0.06769596199524941
1 0.7374161073825504 0.6324228028503563 0.04865771812080537 0.06769596199524941
