0 0.06288343558282208 0.5 0.08895705521472393 0.9810126582278481
0 0.16717791411042945 0.5031645569620253 0.08895705521472393 0.9810126582278481
0 0.26533742331288346 0.5031645569620253 0.08895705521472393 0.9810126582278481
0 0.36963190184049083 0.504746835443038 0.08895705521472393 0.9778481012658228
0 0.45858895705521474 0.5031645569620253 0.08895705521472393 0.9810126582278481
0 0.5598159509202454 0.5031645569620253 0.08895705521472393 0.9810126582278481
0 0.6503067484662577 0.5015822784810127 0.06748466257668712 0.9841772151898734
0 0.7300613496932515 0.5015822784810127 0.06748466257668712 0.9841772151898734
0 0.8159509202453988 0.5015822784810127 0.06748466257668712 0.9841772151898734
0 0.9171779141104295 0.5 0.06748466257668712 0.9810126582278481
