0 0.49916107382550334 0.2327790973871734 0.6493288590604027 0.20190023752969122
0 0.5 0.43824228028503565 0.6476510067114094 0.13539192399049882
0 0.49916107382550334 0.5985748218527316 0.6493288590604027 0.11163895486935868
0 0.49916107382550334 0.740498812351544 0.6493288590604027 0.11045130641330167
1 0.21644295302013422 0.2315914489311164 0.07046979865771812 0.20190023752969122
1 0.3162751677852349 0.2333729216152019 0.09899328859060402 0.20308788598574823
1 0.5109060402684563 0.23218527315914492 0.2600671140939597 0.2007125890736342
1 0.735738255033557 0.23218527315914492 0.15604026845637584 0.20308788598574823
1 0.21728187919463088 0.43705463182897863 0.06543624161073826 0.13539192399049882
1 0.31543624161073824 0.43824228028503565 0.10067114093959731 0.13539192399049882
1 0.5100671140939598 0.43764845605700714 0.25838926174496646 0.13657957244655583
1 0.7348993288590604 0.43883610451306415 0.15771812080536912 0.13895486935866985
1 0.21392617449664428 0.5985748218527316 0.0721476510067114 0.10926365795724466
1 0.31543624161073824 0.5991686460807601 0.1040268456375839 0.11045130641330167
1 0.5083892617449665 0.5979809976247031 0.25838926174496646 0.10807600950118765
1 0.735738255033557 0.6003562945368172 0.1593959731543624 0.11282660332541568
1 0.2156040268456376 0.739311163895487 0.06879194630872483 0.10807600950118765
1 0.313758389261745 0.7399049881235155 0.09731543624161074 0.10926365795724466
1 0.5100671140939598 0.7399049881235155 0.25838926174496646 0.10926365795724466
1 0.7340604026845637 0.740498812351544 0.1593959731543624 0.11045130641330167
