0 0.04750304506699147 0.4971830985915493 0.08526187576126674 0.9549295774647888
0 0.13824604141291108 0.49577464788732395 0.08404384896467722 0.9633802816901409
0 0.940925700365408 0.49577464788732395 0.10109622411693056 0.9464788732394367
0 0.22838002436053592 0.4943661971830986 0.08404384896467722 0.9549295774647888
0 0.31729598051157126 0.4943661971830986 0.08404384896467722 0.9549295774647888
0 0.4238733252131547 0.49577464788732395 0.1120584652862363 0.9577464788732395
0 0.5353227771010962 0.4971830985915493 0.10109622411693056 0.9605633802816902
0 0.6412911084043849 0.5 0.10109622411693056 0.9661971830985916
0 0.7472594397076735 0.5 0.10109622411693056 0.9661971830985916
0 0.8422655298416565 0.4971830985915493 0.08647990255785627 0.9605633802816902
