0 0.4647651006711409 0.16211401425178149 0.8355704697986577 0.25771971496437057
0 0.46560402684563756 0.4423990498812352 0.837248322147651 0.26247030878859856
1 0.12751677852348994 0.17874109263657958 0.15771812080536912 0.2149643705463183
1 0.3783557046979866 0.1805225653206651 0.2063758389261745 0.22090261282660334
1 0.589765100671141 0.17814726840855108 0.18959731543624161 0.21852731591448932
1 0.7869127516778524 0.17399049881235154 0.18791946308724833 0.2339667458432304
1 0.13758389261744966 0.45308788598574823 0.1610738255033557 0.22209026128266035
1 0.36828859060402686 0.45605700712589076 0.20973154362416108 0.22565320665083136
1 0.5796979865771812 0.45308788598574823 0.18959731543624161 0.22446555819477435
1 0.7810402684563759 0.4519002375296912 0.1929530201342282 0.23871733966745845
