0 0.494281045751634 0.31139520202020204 0.8333333333333334 0.18087121212121213
0 0.763888888888889 0.4681186868686869 0.29411764705882354 0.10101010101010102
1 0.09170751633986929 0.31297348484848486 0.03390522875816994 0.1777146464646465
1 0.35866013071895425 0.3091856060606061 0.4861111111111111 0.17897727272727273
1 0.6678921568627452 0.3107638888888889 0.10212418300653595 0.1777146464646465
1 0.7624591503267975 0.3102904040404041 0.06821895424836602 0.1786616161616162
1 0.8596813725490197 0.3107638888888889 0.09109477124183007 0.1821338383838384
1 0.6603349673202614 0.4561237373737374 0.07883986928104575 0.07891414141414142
1 0.7453022875816994 0.46590909090909094 0.07475490196078431 0.10101010101010102
1 0.8555964052287582 0.46748737373737376 0.10498366013071896 0.09785353535353536
