0 0.46895973154362414 0.25534441805225655 0.6963087248322147 0.20665083135391926
0 0.5209731543624161 0.6080760095011877 0.7030201342281879 0.24228028503562946
1 0.1837248322147651 0.25712589073634207 0.12583892617449663 0.20783847980997625
1 0.3959731543624161 0.25653206650831356 0.25167785234899326 0.1995249406175772
1 0.6778523489932886 0.25593824228028506 0.25838926174496646 0.20308788598574823
1 0.2156040268456376 0.6163895486935868 0.06879194630872483 0.22565320665083136
1 0.3070469798657718 0.6134204275534442 0.08053691275167785 0.22684085510688837
1 0.38674496644295303 0.6140142517814727 0.04530201342281879 0.22090261282660334
1 0.46895973154362414 0.6128266033254157 0.08221476510067113 0.22327790973871736
1 0.5662751677852349 0.6152019002375297 0.07550335570469799 0.22090261282660334
1 0.6593959731543624 0.6146080760095012 0.08053691275167785 0.22446555819477435
1 0.7416107382550335 0.6140142517814727 0.050335570469798654 0.22327790973871736
1 0.822986577181208 0.6134204275534442 0.08892617449664429 0.22446555819477435
