0 0.045454545454545456 0.5 0.06666666666666667 0.9928571428571428
0 0.2878787878787879 0.5017857142857143 0.37777777777777777 0.9964285714285714
0 0.5191919191919192 0.5053571428571428 0.044444444444444446 0.9892857142857142
0 0.5808080808080808 0.4964285714285714 0.04242424242424243 0.9928571428571428
0 0.6424242424242425 0.5 0.0404040404040404 0.9928571428571428
0 0.702020202020202 0.4982142857142857 0.046464646464646465 0.9964285714285714
0 0.7727272727272727 0.5 0.05454545454545454 0.9928571428571428
0 0.8444444444444444 0.5 0.044444444444444446 0.9928571428571428
0 0.907070707070707 0.5 0.044444444444444446 0.9928571428571428
0 0.9717171717171718 0.5017857142857143 0.044444444444444446 0.9892857142857142
