0 0.5167785234899329 0.14133016627078385 0.7684563758389261 0.12351543942992875
0 0.5360738255033557 0.569477434679335 0.8070469798657718 0.6781472684085511
1 0.1518456375838926 0.14014251781472684 0.03859060402684564 0.12589073634204276
1 0.299496644295302 0.14014251781472684 0.23993288590604026 0.12351543942992875
1 0.6619127516778524 0.13954869358669833 0.45805369127516776 0.12232779097387174
1 0.23825503355704697 0.5783847980997625 0.19798657718120805 0.6484560570071259
1 0.45553691275167785 0.581353919239905 0.21644295302013422 0.654394299287411
1 0.7550335570469798 0.577790973871734 0.35906040268456374 0.6472684085510689
1 0.4085570469798658 0.5950118764845606 0.09899328859060402 0.6175771971496438
1 0.5109060402684563 0.5985748218527316 0.09228187919463086 0.6223277909738718
1 0.6308724832214765 0.586104513064133 0.09395973154362416 0.6282660332541568
1 0.7441275167785235 0.5855106888361046 0.11577181208053691 0.6294536817102138
1 0.8716442953020134 0.586104513064133 0.11577181208053691 0.6330166270783848
