0 0.4211409395973154 0.3996437054631829 0.6140939597315436 0.6448931116389549
0 0.42533557046979864 0.8271971496437055 0.6090604026845637 0.12232779097387174
1 0.1912751677852349 0.8295724465558195 0.14093959731543623 0.12232779097387174
1 0.34312080536912754 0.8271971496437055 0.10906040268456375 0.11995249406175773
1 0.48825503355704697 0.828978622327791 0.15771812080536912 0.12826603325415678
1 0.6132550335570469 0.827790973871734 0.05201342281879195 0.1163895486935867
1 0.6904362416107382 0.828978622327791 0.06879194630872483 0.12114014251781473
1 0.16191275167785235 0.4014251781472684 0.08557046979865772 0.6413301662707839
1 0.33640939597315433 0.3954869358669834 0.09563758389261745 0.6413301662707839
1 0.5176174496644296 0.3960807600950119 0.2332214765100671 0.6448931116389549
1 0.6887583892617449 0.3996437054631829 0.07550335570469799 0.6377672209026128
