0 0.03529411764705882 0.5007716049382716 0.060504201680672276 0.9799382716049382
0 0.08655462184873951 0.5015432098765432 0.03865546218487395 0.9814814814814814
0 0.14285714285714288 0.5030864197530864 0.04369747899159664 0.978395061728395
0 0.2058823529411765 0.4992283950617284 0.055462184873949584 0.9768518518518517
0 0.25882352941176473 0.49382716049382713 0.04369747899159664 0.9722222222222222
0 0.3344537815126051 0.4922839506172839 0.09075630252100841 0.9753086419753085
0 0.4075630252100841 0.4976851851851852 0.04201680672268908 0.9737654320987654
0 0.5336134453781513 0.49382716049382713 0.1966386554621849 0.9722222222222222
0 0.6915966386554623 0.49382716049382713 0.10252100840336136 0.9722222222222222
0 0.792436974789916 0.49459876543209874 0.08235294117647059 0.970679012345679
0 0.8865546218487396 0.4930555555555555 0.08235294117647059 0.970679012345679
0 0.9605042016806723 0.4930555555555555 0.04537815126050421 0.9737654320987654
