0 0.5036764705882353 0.3301767676767677 0.8799019607843137 0.06313131313131314
0 0.5104166666666666 0.5544507575757576 0.8933823529411765 0.3765782828282829
0 0.07066993464052287 0.30397727272727276 0.0 0.0
1 0.15359477124183007 0.3255997474747475 0.16339869281045752 0.049558080808080815
1 0.3735702614379085 0.32702020202020204 0.2602124183006536 0.05050505050505051
1 0.5996732026143791 0.3301767676767677 0.18382352941176472 0.05050505050505051
1 0.8176062091503268 0.33175505050505055 0.23815359477124184 0.05366161616161617
1 0.10600490196078431 0.5296717171717172 0.07066993464052287 0.3207070707070707
1 0.33558006535947715 0.5321969696969697 0.3770424836601307 0.3282828282828283
1 0.5778186274509804 0.533459595959596 0.1294934640522876 0.321969696969697
1 0.7230392156862745 0.5318813131313131 0.15522875816993464 0.32512626262626265
1 0.8809232026143791 0.5307765151515152 0.14419934640522877 0.3229166666666667
1 0.28656045751633985 0.718118686868687 0.426062091503268 0.041035353535353536
1 0.5786356209150327 0.7211174242424243 0.14991830065359477 0.043244949494949496
1 0.7283496732026145 0.7201704545454546 0.14460784313725492 0.038825757575757576
1 0.8786764705882353 0.7196969696969697 0.14297385620915032 0.0441919191919192
