0 0.28523489932885904 0.15201900237529692 0.35570469798657717 0.06413301662707839
0 0.27432885906040266 0.29038004750593827 0.3473154362416107 0.10807600950118765
0 0.2785234899328859 0.45546318289786225 0.34563758389261745 0.06769596199524941
1 0.15268456375838926 0.1502375296912114 0.09395973154362416 0.0653206650831354
1 0.22231543624161074 0.15320665083135393 0.025167785234899327 0.05938242280285036
1 0.2609060402684564 0.15498812351543945 0.031879194630872486 0.0653206650831354
1 0.2978187919463087 0.15201900237529692 0.028523489932885907 0.05938242280285036
1 0.33221476510067116 0.1508313539192399 0.02348993288590604 0.057007125890736345
1 0.3716442953020134 0.15320665083135393 0.03523489932885906 0.057007125890736345
1 0.4077181208053691 0.15439429928741094 0.026845637583892617 0.05938242280285036
1 0.44630872483221473 0.15617577197149646 0.03355704697986577 0.060570071258907364
1 0.1837248322147651 0.29038004750593827 0.1459731543624161 0.10807600950118765
1 0.2802013422818792 0.28859857482185275 0.026845637583892617 0.0997624703087886
1 0.3187919463087248 0.28919239904988125 0.02348993288590604 0.09619952494061758
1 0.3540268456375839 0.28681710213776723 0.026845637583892617 0.10095011876484561
1 0.38926174496644295 0.2927553444180523 0.026845637583892617 0.11045130641330167
1 0.4303691275167785 0.2945368171021378 0.028523489932885907 0.10213776722090262
1 0.16778523489932887 0.45427553444180524 0.10067114093959731 0.06294536817102138
1 0.2424496644295302 0.45546318289786225 0.03523489932885906 0.06294536817102138
1 0.2802013422818792 0.4519002375296912 0.02348993288590604 0.05819477434679335
1 0.3162751677852349 0.45486935866983375 0.028523489932885907 0.05938242280285036
1 0.3540268456375839 0.45724465558194777 0.030201342281879193 0.06413301662707839
1 0.38758389261744963 0.45427553444180524 0.02348993288590604 0.0653206650831354
1 0.42785234899328856 0.45665083135391926 0.030201342281879193 0.060570071258907364
