0 0.5125838926174496 0.7446555819477435 0.8406040268456376 0.2137767220902613
1 0.13003355704697986 0.745249406175772 0.0721476510067114 0.2125890736342043
1 0.22063758389261745 0.744061757719715 0.07550335570469799 0.2125890736342043
1 0.31291946308724833 0.744061757719715 0.08221476510067113 0.2173396674584323
1 0.4035234899328859 0.7618764845605701 0.0721476510067114 0.18646080760095013
1 0.4815436241610738 0.7600950118764846 0.060402684563758385 0.1828978622327791
1 0.5595637583892618 0.7618764845605701 0.0587248322147651 0.1840855106888361
1 0.6384228187919463 0.7600950118764846 0.07885906040268456 0.1805225653206651
1 0.7399328859060402 0.7482185273159145 0.09060402684563758 0.20902612826603326
1 0.822986577181208 0.7458432304038005 0.05201342281879195 0.20665083135391926
1 0.8926174496644295 0.7458432304038005 0.06711409395973154 0.21140142517814728
