0 0.4966442953020134 0.8521377672209026 0.761744966442953 0.11995249406175773
0 0.4983221476510067 0.13657957244655583 0.7718120805369127 0.10926365795724466
1 0.14513422818791946 0.13598574821852732 0.05536912751677852 0.10570071258907364
1 0.2080536912751678 0.13717339667458434 0.04697986577181208 0.10807600950118765
1 0.2684563758389262 0.13717339667458434 0.050335570469798654 0.10807600950118765
1 0.3347315436241611 0.13657957244655583 0.05536912751677852 0.10451306413301663
1 0.4060402684563758 0.13657957244655583 0.06711409395973154 0.10213776722090262
1 0.4798657718120805 0.13657957244655583 0.060402684563758385 0.10451306413301663
1 0.552013422818792 0.13717339667458434 0.06375838926174497 0.10807600950118765
1 0.6258389261744967 0.13717339667458434 0.06375838926174497 0.10332541567695963
1 0.6996644295302014 0.13717339667458434 0.060402684563758385 0.10332541567695963
1 0.7718120805369127 0.13836104513064135 0.05704697986577181 0.10570071258907364
1 0.8481543624161073 0.13539192399049882 0.06543624161073826 0.10451306413301663
1 0.15855704697986578 0.8497624703087886 0.07885906040268456 0.1152019002375297
1 0.27768456375838924 0.8557007125890737 0.12583892617449663 0.11282660332541568
1 0.42953020134228187 0.8557007125890737 0.1442953020134228 0.11757719714964371
1 0.6258389261744967 0.8539192399049882 0.22147651006711408 0.11876484560570072
1 0.8129194630872483 0.8527315914489312 0.12248322147651007 0.11401425178147269
