0 0.5427852348993288 0.1823040380047506 0.9010067114093959 0.2648456057007126
0 0.5444630872483222 0.6413301662707839 0.8976510067114094 0.501187648456057
1 0.12164429530201341 0.18171021377672208 0.03859060402684564 0.2660332541567696
1 0.39513422818791943 0.18171021377672208 0.4714765100671141 0.26365795724465557
1 0.6803691275167785 0.1828978622327791 0.0587248322147651 0.2612826603325416
1 0.7818791946308725 0.1834916864608076 0.10067114093959731 0.2672209026128266
1 0.9177852348993288 0.1828978622327791 0.13087248322147652 0.26365795724465557
1 0.12332214765100671 0.6401425178147269 0.03859060402684564 0.498812351543943
1 0.39513422818791943 0.6425178147268409 0.4748322147651007 0.498812351543943
1 0.6795302013422818 0.6413301662707839 0.06375838926174497 0.498812351543943
1 0.7818791946308725 0.6425178147268409 0.1040268456375839 0.503562945368171
1 0.9177852348993288 0.6419239904988123 0.12751677852348994 0.5
