0 0.5209731543624161 0.2304038004750594 0.7332214765100671 0.28978622327790976
0 0.5251677852348993 0.661520190023753 0.7348993288590604 0.48931116389548696
1 0.17701342281879195 0.2309976247030879 0.03523489932885906 0.2862232779097387
1 0.2609060402684564 0.2292161520190024 0.10906040268456375 0.28028503562945367
1 0.4110738255033557 0.2309976247030879 0.16442953020134227 0.28859857482185275
1 0.5763422818791947 0.2315914489311164 0.13926174496644295 0.28978622327790976
1 0.7265100671140939 0.2315914489311164 0.14093959731543623 0.28741092636579574
1 0.8464765100671141 0.2309976247030879 0.0721476510067114 0.2838479809976247
1 0.17953020134228187 0.6609263657957245 0.026845637583892617 0.4833729216152019
1 0.25838926174496646 0.6591448931116389 0.1040268456375839 0.48693586698337293
1 0.3976510067114094 0.6621140142517815 0.1442953020134228 0.4857482185273159
1 0.5671140939597316 0.6621140142517815 0.16778523489932887 0.4833729216152019
1 0.7290268456375839 0.661520190023753 0.12919463087248323 0.4821852731591449
1 0.8464765100671141 0.66270783847981 0.07550335570469799 0.4845605700712589
