0 0.4320469798657718 0.15498812351543945 0.6157718120805369 0.12707838479809977
0 0.43288590604026844 0.33966745843230406 0.6342281879194631 0.07600950118764846
0 0.43456375838926176 0.6733966745843231 0.6241610738255033 0.12114014251781473
1 0.14513422818791946 0.15439429928741094 0.031879194630872486 0.11876484560570072
1 0.33221476510067116 0.15320665083135393 0.30201342281879195 0.12114014251781473
1 0.6157718120805369 0.15855106888361045 0.23825503355704697 0.12232779097387174
1 0.1342281879194631 0.34026128266033256 0.03355704697986577 0.07007125890736342
1 0.2919463087248322 0.33669833729216153 0.26174496644295303 0.07482185273159145
1 0.587248322147651 0.33788598574821854 0.2986577181208054 0.07007125890736342
1 0.14093959731543623 0.6716152019002376 0.026845637583892617 0.11757719714964371
1 0.3145973154362416 0.6716152019002376 0.31040268456375836 0.11757719714964371
1 0.47818791946308725 0.6152019002375297 0.0 0.0
1 0.5360738255033557 0.6870546318289786 0.11577181208053691 0.09144893111638955
1 0.671979865771812 0.6840855106888362 0.1325503355704698 0.09501187648456058
