0 0.5109060402684563 0.2915676959619953 0.8036912751677853 0.15558194774346795
0 0.5226510067114094 0.6817102137767221 0.8271812080536912 0.15914489311163896
1 0.20721476510067113 0.28978622327790976 0.18288590604026844 0.15201900237529692
1 0.3674496644295302 0.29038004750593827 0.10738255033557047 0.15320665083135393
1 0.48573825503355705 0.2921615201900238 0.09899328859060402 0.15439429928741094
1 0.6031879194630873 0.29097387173396677 0.10906040268456375 0.15439429928741094
1 0.7206375838926175 0.29097387173396677 0.09899328859060402 0.15439429928741094
1 0.8456375838926175 0.29097387173396677 0.12416107382550336 0.15201900237529692
1 0.212248322147651 0.6828978622327792 0.19630872483221476 0.16152019002375298
1 0.424496644295302 0.6817102137767221 0.19463087248322147 0.15914489311163896
1 0.6359060402684563 0.6823040380047506 0.19463087248322147 0.15795724465558195
1 0.8431208053691275 0.6817102137767221 0.18288590604026844 0.15676959619952494
