0 0.4395973154362416 0.12351543942992875 0.761744966442953 0.16864608076009502
0 0.44798657718120805 0.588479809976247 0.7718120805369127 0.6900237529691212
1 0.10906040268456375 0.12292161520190024 0.087248322147651 0.167458432304038
1 0.22315436241610737 0.12351543942992875 0.0738255033557047 0.16864608076009502
1 0.3313758389261745 0.12470308788598575 0.09899328859060402 0.16864608076009502
1 0.5402684563758389 0.12232779097387174 0.09060402684563758 0.166270783847981
1 0.10822147651006711 0.5855106888361046 0.08221476510067113 0.6864608076009502
1 0.25419463087248323 0.5878859857482186 0.09563758389261745 0.6864608076009502
1 0.4001677852348993 0.5866983372921616 0.17281879194630873 0.6888361045130642
1 0.660234899328859 0.5890736342042756 0.2533557046979866 0.6912114014251782
