0 0.49328859060402686 0.2862232779097387 0.761744966442953 0.14489311163895488
0 0.4874161073825503 0.7078384798099763 0.7567114093959731 0.3111638954869359
1 0.2860738255033557 0.28681710213776723 0.34395973154362414 0.14133016627078385
1 0.5713087248322147 0.28800475059382424 0.2030201342281879 0.14370546318289787
1 0.7793624161073825 0.28681710213776723 0.18624161073825504 0.14133016627078385
1 0.22147651006711408 0.7108076009501187 0.21476510067114093 0.30522565320665085
1 0.3859060402684564 0.7108076009501187 0.09060402684563758 0.30760095011876487
1 0.49580536912751677 0.7066508313539193 0.09228187919463086 0.30641330166270786
1 0.5998322147651006 0.7066508313539193 0.09563758389261745 0.30641330166270786
1 0.7063758389261745 0.7078384798099763 0.09731543624161074 0.3016627078384798
1 0.8145973154362416 0.7066508313539193 0.08557046979865772 0.3016627078384798
