0 0.02120535714285714 0.524390243902439 0.02901785714285714 1.0
0 0.09375 0.5487804878048781 0.07142857142857142 1.0
0 0.18973214285714285 0.5487804878048781 0.07142857142857142 1.0
0 0.28125 0.524390243902439 0.07142857142857142 1.0
0 0.375 0.524390243902439 0.07142857142857142 0.9024390243902439
0 0.4665178571428571 0.5121951219512195 0.07142857142857142 0.926829268292683
0 0.5647321428571428 0.5365853658536586 0.06696428571428571 0.926829268292683
0 0.6573660714285714 0.5121951219512195 0.07366071428571429 0.926829268292683
0 0.7477678571428571 0.5365853658536586 0.07142857142857142 0.975609756097561
0 0.84375 0.5365853658536586 0.07589285714285714 0.975609756097561
0 0.9497767857142857 0.5365853658536586 0.09151785714285714 0.926829268292683
