0 0.06613372093023255 0.5025773195876289 0.12354651162790697 0.9536082474226804
0 0.1867732558139535 0.4948453608247423 0.10319767441860465 0.9587628865979382
0 0.3001453488372093 0.5051546391752577 0.10319767441860465 0.9587628865979382
0 0.39825581395348836 0.4948453608247423 0.0755813953488372 0.9587628865979382
0 0.4840116279069767 0.5 0.0755813953488372 0.9587628865979382
0 0.5770348837209303 0.4922680412371134 0.0755813953488372 0.9536082474226804
0 0.684593023255814 0.4896907216494845 0.0755813953488372 0.9484536082474226
0 0.7819767441860465 0.4896907216494845 0.0755813953488372 0.9484536082474226
0 0.873546511627907 0.4896907216494845 0.0755813953488372 0.9484536082474226
0 0.9600290697674418 0.4948453608247423 0.07412790697674418 0.9587628865979382
