0 0.7990196078431373 0.18087121212121213 0.3431372549019608 0.11553030303030304
0 0.49673202614379086 0.4333964646464647 0.9395424836601307 0.20833333333333334
0 0.8441584967320261 0.7995580808080809 0.25040849673202614 0.04608585858585859
1 0.7091503267973857 0.18181818181818182 0.15522875816993464 0.11363636363636365
1 0.8823529411764706 0.18150252525252528 0.15522875816993464 0.11047979797979798
1 0.340890522875817 0.42550505050505055 0.6058006535947713 0.18623737373737376
1 0.7064950980392157 0.43386994949494956 0.10089869281045752 0.20107323232323235
1 0.8141339869281046 0.4333964646464647 0.10049019607843138 0.20202020202020204
1 0.9238153594771242 0.43434343434343436 0.0886437908496732 0.20202020202020204
1 0.1707516339869281 0.4234532828282829 0.2573529411764706 0.1840277777777778
1 0.5471813725490197 0.42708333333333337 0.14419934640522877 0.1811868686868687
1 0.7849264705882353 0.8006628787878789 0.11315359477124183 0.04008838383838384
1 0.9101307189542484 0.7989267676767677 0.10457516339869281 0.034722222222222224
