0 0.5125838926174496 0.3450118764845606 0.7332214765100671 0.19358669833729217
0 0.5075503355704698 0.6169833729216152 0.7365771812080537 0.10807600950118765
0 0.3850671140939597 0.7695961995249406 0.4748322147651007 0.0997624703087886
1 0.18791946308724833 0.3456057007125891 0.087248322147651 0.19477434679334918
1 0.2827181208053691 0.3456057007125891 0.07885906040268456 0.19477434679334918
1 0.4085570469798658 0.3461995249406176 0.13926174496644295 0.19121140142517815
1 0.552013422818792 0.3461995249406176 0.1342281879194631 0.19121140142517815
1 0.6686241610738255 0.3450118764845606 0.08892617449664429 0.18646080760095013
1 0.799496644295302 0.3497624703087886 0.15268456375838926 0.19358669833729217
1 0.21392617449664428 0.6187648456057008 0.13926174496644295 0.0997624703087886
1 0.3422818791946309 0.6187648456057008 0.10067114093959731 0.10688836104513065
1 0.45050335570469796 0.6211401425178148 0.09228187919463086 0.10451306413301663
1 0.549496644295302 0.6175771971496438 0.08557046979865772 0.10451306413301663
1 0.6501677852348993 0.6175771971496438 0.09228187919463086 0.0997624703087886
1 0.7399328859060402 0.6187648456057008 0.060402684563758385 0.10213776722090262
1 0.8238255033557047 0.6199524940617578 0.087248322147651 0.10213776722090262
1 0.24412751677852348 0.7684085510688836 0.17281879194630873 0.09501187648456058
1 0.3934563758389262 0.7713776722090262 0.10906040268456375 0.08907363420427554
1 0.5436241610738255 0.7695961995249406 0.1442953020134228 0.0831353919239905
