0 0.06211180124223603 0.5102040816326531 0.08695652173913045 0.9183673469387754
0 0.15942028985507248 0.5102040816326531 0.08695652173913045 0.9183673469387754
0 0.2567287784679089 0.49999999999999994 0.08695652173913045 0.9183673469387754
0 0.35403726708074534 0.49999999999999994 0.08695652173913045 0.9183673469387754
0 0.4513457556935818 0.49999999999999994 0.08695652173913045 0.9183673469387754
0 0.5590062111801243 0.4897959183673469 0.08695652173913045 0.9183673469387754
0 0.6645962732919255 0.4897959183673469 0.08695652173913045 0.9183673469387754
0 0.761904761904762 0.5102040816326531 0.08695652173913045 0.9183673469387754
0 0.8571428571428572 0.5102040816326531 0.08695652173913045 0.9183673469387754
0 0.9523809523809524 0.5102040816326531 0.08695652173913045 0.9183673469387754
