0 0.063894523326572 0.6090909090909091 0.1075050709939148 0.76
0 0.2281947261663286 0.610909090909091 0.18458417849898578 0.7636363636363637
0 0.3894523326572008 0.6145454545454545 0.10547667342799188 0.7709090909090909
0 0.4989858012170385 0.610909090909091 0.08113590263691683 0.7636363636363637
0 0.603448275862069 0.6145454545454545 0.09939148073022312 0.7709090909090909
0 0.6774847870182555 0.6145454545454545 0.02028397565922921 0.7709090909090909
0 0.7068965517241379 0.6145454545454545 0.006085192697768763 0.7781818181818182
0 0.7322515212981744 0.610909090909091 0.012170385395537525 0.7709090909090909
0 0.8316430020283976 0.610909090909091 0.15415821501014199 0.7854545454545454
0 0.9614604462474645 0.6090909090909091 0.07302231237322515 0.7818181818181819
