0 0.016973125884016973 0.49250936329588013 0.019801980198019802 0.9625468164794008
0 0.19589816124469592 0.50187265917603 0.32390381895332393 0.9812734082397004
0 0.6753889674681754 0.5468164794007491 0.6237623762376238 0.8539325842696629
0 0.40664780763790664 0.4943820224719101 0.08628005657708629 0.9662921348314607
0 0.4893917963224894 0.49250936329588013 0.07637906647807638 0.9625468164794008
0 0.5678925035360679 0.49250936329588013 0.06647807637906648 0.9625468164794008
0 0.6428571428571429 0.4906367041198502 0.06647807637906648 0.9588014981273408
0 0.7164073550212164 0.49250936329588013 0.06647807637906648 0.9625468164794008
0 0.7942008486562943 0.49625468164794007 0.06647807637906648 0.9700374531835206
0 0.8705799151343706 0.4906367041198502 0.06647807637906648 0.9588014981273408
0 0.9455445544554456 0.4943820224719101 0.06647807637906648 0.9662921348314607
