0 0.49412751677852346 0.10688836104513065 0.8271812080536912 0.07125890736342043
0 0.49748322147651003 0.3931116389548694 0.8171140939597316 0.45605700712589076
0 0.49161073825503354 0.7755344418052257 0.8087248322147651 0.27315914489311166
1 0.22231543624161074 0.12114014251781473 0.2634228187919463 0.045130641330166275
1 0.49412751677852346 0.12232779097387174 0.2634228187919463 0.045130641330166275
1 0.7776845637583892 0.12410926365795726 0.27013422818791943 0.036817102137767226
1 0.21392617449664428 0.44714964370546323 0.24328859060402683 0.3432304038004751
1 0.4848993288590604 0.4489311163895487 0.2483221476510067 0.33729216152019004
1 0.7609060402684563 0.4501187648456057 0.27013422818791943 0.334916864608076
1 0.3699664429530201 0.7773159144893111 0.5453020134228188 0.2695961995249406
1 0.7751677852348993 0.7773159144893111 0.24161073825503354 0.27197149643705465
