0 0.06359649122807018 0.5 0.11257309941520467 0.88
0 0.1593567251461988 0.46 0.06432748538011696 0.76
0 0.25 0.5 0.06432748538011696 0.76
0 0.3362573099415205 0.48 0.06432748538011696 0.76
0 0.4195906432748538 0.48 0.06432748538011696 0.76
0 0.5146198830409356 0.5 0.06432748538011696 0.76
0 0.6008771929824561 0.5 0.06432748538011696 0.76
0 0.6871345029239766 0.5 0.06432748538011696 0.76
0 0.7719298245614035 0.46 0.06432748538011696 0.76
0 0.8581871345029239 0.46 0.06432748538011696 0.76
0 0.9488304093567251 0.48 0.06432748538011696 0.76
