0 0.4997899159663866 0.34887173396674587 0.7928571428571429 0.10985748218527316
0 0.5012605042016807 0.4605106888361045 0.7983193277310925 0.08610451306413303
1 0.15882352941176472 0.334916864608076 0.10504201680672269 0.08016627078384798
1 0.3941176470588236 0.33447149643705465 0.34621848739495803 0.07927553444180523
1 0.6176470588235294 0.334916864608076 0.07563025210084034 0.0819477434679335
1 0.6987394957983194 0.3334323040380048 0.073109243697479 0.07719714964370547
1 0.7779411764705882 0.3334323040380048 0.0684873949579832 0.07897862232779097
1 0.8577731092436975 0.3340261282660333 0.0684873949579832 0.07422802850356294
1 0.6995798319327732 0.38153206650831356 0.07142857142857144 0.020783847980997625
1 0.780672268907563 0.3813836104513064 0.0773109243697479 0.016923990498812352
1 0.8584033613445379 0.3819774346793349 0.073109243697479 0.015736342042755345
1 0.16302521008403362 0.455166270783848 0.11596638655462185 0.06947743467933493
1 0.28130252100840336 0.4521971496437055 0.10378151260504202 0.07125890736342043
1 0.4004201680672269 0.4521971496437055 0.11512605042016807 0.0671021377672209
1 0.5195378151260505 0.45323634204275537 0.10378151260504202 0.06739904988123516
1 0.7380252100840337 0.45264251781472686 0.3163865546218488 0.06621140142517815
