0 0.4815436241610738 0.333729216152019 0.7751677852348993 0.09263657957244656
0 0.4815436241610738 0.4994061757719715 0.7785234899328859 0.08907363420427554
1 0.2181208053691275 0.334916864608076 0.2483221476510067 0.08551068883610452
1 0.41442953020134227 0.33016627078384797 0.13087248322147652 0.0831353919239905
1 0.5662751677852349 0.3343230403800475 0.15268456375838926 0.08907363420427554
1 0.7567114093959731 0.3355106888361045 0.19463087248322147 0.08432304038004751
1 0.12835570469798657 0.5029691211401426 0.0721476510067114 0.08669833729216152
1 0.299496644295302 0.5017814726840856 0.23993288590604026 0.0819477434679335
1 0.5427852348993288 0.4994061757719715 0.2197986577181208 0.08669833729216152
1 0.7676174496644295 0.5017814726840856 0.18288590604026844 0.08669833729216152
