0 0.49916107382550334 0.12767220902612827 0.8204697986577181 0.13182897862232779
0 0.4949664429530201 0.3515439429928741 0.8053691275167785 0.2755344418052257
0 0.4966442953020134 0.652019002375297 0.8053691275167785 0.19477434679334918
1 0.23993288590604026 0.12529691211401425 0.2885906040268456 0.13182897862232779
1 0.6082214765100671 0.12589073634204276 0.40436241610738255 0.12826603325415678
1 0.8691275167785235 0.12826603325415678 0.07046979865771812 0.1306413301662708
1 0.11073825503355704 0.36342042755344417 0.030201342281879193 0.2494061757719715
1 0.43708053691275167 0.3652019002375297 0.5855704697986577 0.2458432304038005
1 0.7734899328859061 0.3646080760095012 0.040268456375838924 0.2470308788598575
1 0.8498322147651006 0.3652019002375297 0.0721476510067114 0.2505938242280285
1 0.11325503355704698 0.6526128266033254 0.028523489932885907 0.19358669833729217
1 0.43791946308724833 0.653206650831354 0.5906040268456376 0.19239904988123516
1 0.7751677852348993 0.6538004750593824 0.04697986577181208 0.1959619952494062
1 0.8523489932885906 0.652019002375297 0.08053691275167785 0.19477434679334918
