0 0.5209731543624161 0.17161520190023755 0.7835570469798657 0.12707838479809977
0 0.5192953020134228 0.33966745843230406 0.7701342281879194 0.1472684085510689
1 0.15520134228187918 0.17280285035629456 0.04194630872483222 0.12232779097387174
1 0.3598993288590604 0.17161520190023755 0.3473154362416107 0.12232779097387174
1 0.62751677852349 0.17339667458432304 0.16778523489932887 0.1163895486935867
1 0.8095637583892618 0.17339667458432304 0.18624161073825504 0.11876484560570072
1 0.1518456375838926 0.3432304038004751 0.03859060402684564 0.14014251781472684
1 0.3598993288590604 0.3438242280285036 0.34395973154362414 0.13657957244655583
1 0.6258389261744967 0.3420427553444181 0.17785234899328858 0.14251781472684086
1 0.8095637583892618 0.3438242280285036 0.17281879194630873 0.14370546318289787
