0 0.11241007194244605 0.49079754601226994 0.2194244604316547 0.9631901840490797
0 0.26888489208633093 0.5030674846625767 0.08453237410071943 0.9754601226993865
0 0.3466726618705036 0.49693251533742333 0.0656474820143885 0.9631901840490797
0 0.40827338129496404 0.49693251533742333 0.05035971223021583 0.9631901840490797
0 0.4694244604316547 0.5030674846625767 0.06294964028776978 0.9754601226993865
0 0.5359712230215827 0.5 0.06294964028776978 0.9693251533742332
0 0.6106115107913669 0.49846625766871167 0.08093525179856116 0.9785276073619632
0 0.6870503597122303 0.49386503067484666 0.06294964028776978 0.9693251533742332
0 0.7504496402877698 0.5 0.054856115107913675 0.9815950920245399
0 0.8151978417266188 0.5015337423312883 0.06384892086330936 0.9846625766871165
0 0.8943345323741008 0.5015337423312883 0.085431654676259 0.9846625766871165
0 0.9698741007194245 0.5 0.054856115107913675 0.9815950920245399
