0 0.07871720116618075 0.5 0.10495626822157435 0.9698492462311558
0 0.17784256559766765 0.49748743718592964 0.08163265306122448 0.964824120603015
0 0.27113702623906705 0.49748743718592964 0.08746355685131195 0.964824120603015
0 0.3658892128279883 0.49748743718592964 0.08746355685131195 0.964824120603015
0 0.4650145772594752 0.49748743718592964 0.08746355685131195 0.964824120603015
0 0.5597667638483965 0.5025125628140703 0.08746355685131195 0.9748743718592965
0 0.6574344023323615 0.5 0.08746355685131195 0.9698492462311558
0 0.7551020408163265 0.5 0.08746355685131195 0.9698492462311558
0 0.8527696793002916 0.5050251256281407 0.08746355685131195 0.9698492462311558
0 0.9475218658892128 0.5 0.08746355685131195 0.9698492462311558
