0 0.1141304347826087 0.5657894736842105 0.20217391304347826 0.8157894736842105
0 0.2858695652173913 0.5745614035087719 0.11521739130434783 0.7982456140350876
0 0.3869565217391304 0.5614035087719298 0.06086956521739131 0.8421052631578947
0 0.4608695652173913 0.5482456140350876 0.04782608695652174 0.7807017543859649
0 0.557608695652174 0.5789473684210527 0.09782608695652174 0.8245614035087718
0 0.682608695652174 0.5745614035087719 0.11739130434782609 0.8157894736842105
0 0.7706521739130435 0.5745614035087719 0.03695652173913044 0.8333333333333333
0 0.8228260869565217 0.5745614035087719 0.03695652173913044 0.7982456140350876
0 0.8728260869565218 0.5614035087719298 0.02391304347826087 0.7894736842105263
0 0.9510869565217391 0.5745614035087719 0.07608695652173914 0.7982456140350876
