0 0.5192953020134228 0.5005938242280286 0.8003355704697986 0.19121140142517815
0 0.5176174496644296 0.7108076009501187 0.7936241610738255 0.19121140142517815
1 0.2030201342281879 0.5017814726840856 0.15436241610738255 0.18646080760095013
1 0.46895973154362414 0.501187648456057 0.3238255033557047 0.18527315914489312
1 0.7323825503355704 0.502375296912114 0.13590604026845637 0.18764845605700714
1 0.8640939597315436 0.5005938242280286 0.08389261744966443 0.18646080760095013
1 0.21728187919463088 0.7131828978622328 0.1761744966442953 0.18883610451306415
1 0.47818791946308725 0.7131828978622328 0.28187919463087246 0.19121140142517815
1 0.7172818791946308 0.7131828978622328 0.13590604026845637 0.18883610451306415
1 0.8624161073825504 0.7161520190023754 0.087248322147651 0.18764845605700714
