0 0.0474040632054176 0.5510204081632653 0.0857787810383747 0.9047619047619048
0 0.15237020316027086 0.5544217687074829 0.08352144469525959 0.9115646258503401
0 0.2494356659142212 0.5408163265306122 0.07900677200902934 0.9047619047619048
0 0.3476297968397291 0.5408163265306122 0.0857787810383747 0.891156462585034
0 0.44695259593679454 0.5357142857142857 0.08126410835214447 0.8945578231292517
0 0.5507900677200902 0.5476190476190476 0.09029345372460496 0.9047619047619048
0 0.6478555304740405 0.5459183673469388 0.08126410835214447 0.8945578231292517
0 0.7471783295711061 0.5510204081632653 0.07674943566591422 0.8979591836734694
0 0.8408577878103837 0.5425170068027211 0.07900677200902934 0.9013605442176871
0 0.9469525959367945 0.5493197278911565 0.09255079006772009 0.8945578231292517
