0 0.4899328859060403 0.4614014251781473 0.8590604026845637 0.39073634204275537
0 0.25419463087248323 0.828978622327791 0.2902684563758389 0.22327790973871736
1 0.17281879194630873 0.4625890736342043 0.21140939597315436 0.3836104513064133
1 0.36828859060402686 0.4619952494061758 0.1325503355704698 0.3776722090261283
1 0.4815436241610738 0.4625890736342043 0.060402684563758385 0.38836104513064135
1 0.5998322147651006 0.4619952494061758 0.1325503355704698 0.38717339667458434
1 0.714765100671141 0.4661520190023753 0.0738255033557047 0.38836104513064135
1 0.8380872483221476 0.4619952494061758 0.1493288590604027 0.3824228028503563
1 0.15436241610738255 0.826603325415677 0.08389261744966443 0.22090261282660334
1 0.2986577181208054 0.830166270783848 0.18456375838926173 0.2161520190023753
