0 0.5033557046979865 0.3966745843230404 0.761744966442953 0.2850356294536817
0 0.49916107382550334 0.7232779097387174 0.7667785234899329 0.30403800475059384
1 0.18036912751677853 0.3966745843230404 0.12919463087248323 0.2826603325415677
1 0.5671140939597316 0.3966745843230404 0.6208053691275167 0.27315914489311166
1 0.1476510067114094 0.7351543942992874 0.04697986577181208 0.2779097387173397
1 0.37667785234899326 0.7363420427553444 0.39429530201342283 0.2779097387173397
1 0.6073825503355704 0.7351543942992874 0.0436241610738255 0.27315914489311166
1 0.6610738255033557 0.7226840855106889 0.04697986577181208 0.2600950118764846
1 0.7139261744966443 0.732185273159145 0.03859060402684564 0.2838479809976247
1 0.7609060402684563 0.7298099762470309 0.03859060402684564 0.2814726840855107
1 0.8078859060402684 0.7363420427553444 0.031879194630872486 0.28028503562945367
1 0.8649328859060402 0.733372921615202 0.03859060402684564 0.27197149643705465
