0 0.803921568627451 0.10827020202020203 0.2957516339869281 0.07133838383838384
0 0.4908088235294118 0.3486426767676768 0.9219771241830066 0.045138888888888895
0 0.48590686274509803 0.6264204545454546 0.9121732026143791 0.47443181818181823
1 0.7154820261437909 0.10716540404040405 0.11315359477124183 0.05902777777777778
1 0.8631535947712419 0.10732323232323233 0.16339869281045752 0.05681818181818182
1 0.12295751633986929 0.3503787878787879 0.16748366013071897 0.03787878787878788
1 0.3116830065359477 0.34974747474747475 0.1388888888888889 0.034722222222222224
1 0.48794934640522875 0.34974747474747475 0.16462418300653595 0.036616161616161616
1 0.6862745098039216 0.3506944444444445 0.15522875816993464 0.034722222222222224
1 0.8741830065359477 0.34974747474747475 0.12254901960784315 0.036616161616161616
1 0.06658496732026144 0.5916982323232324 0.06290849673202614 0.39678030303030304
1 0.3368055555555556 0.5923295454545455 0.43995098039215685 0.39993686868686873
1 0.6090686274509804 0.5965909090909092 0.06944444444444445 0.4040404040404041
1 0.6921977124183006 0.5921717171717172 0.08047385620915033 0.39772727272727276
1 0.786968954248366 0.59375 0.08455882352941177 0.3945707070707071
1 0.8876633986928105 0.5928030303030304 0.09803921568627451 0.3945707070707071
1 0.7365196078431373 0.8300189393939394 0.1772875816993464 0.0672348484848485
1 0.8897058823529412 0.8322285353535355 0.11029411764705882 0.05902777777777778
