0 0.473993288590604 0.20308788598574823 0.7466442953020134 0.20902612826603326
0 0.5218120805369127 0.5700712589073634 0.848993288590604 0.47030878859857483
0 0.5218120805369127 0.8889548693586699 0.8456375838926175 0.09619952494061758
1 0.19546979865771813 0.20249406175771972 0.17281879194630873 0.21021377672209027
1 0.3498322147651007 0.20249406175771972 0.09228187919463086 0.20546318289786225
1 0.5763422818791947 0.20427553444180524 0.09563758389261745 0.20665083135391926
1 0.8036912751677853 0.20427553444180524 0.087248322147651 0.20190023752969122
1 0.2197986577181208 0.569477434679335 0.22483221476510068 0.4667458432304038
1 0.3926174496644295 0.5724465558194775 0.07718120805369127 0.4679334916864608
1 0.4823825503355705 0.573040380047506 0.07550335570469799 0.4691211401425178
1 0.5671140939597316 0.571852731591449 0.0738255033557047 0.47149643705463185
1 0.6543624161073825 0.5712589073634204 0.07046979865771812 0.4655581947743468
1 0.7273489932885906 0.5712589073634204 0.05201342281879195 0.47030878859857483
1 0.8162751677852349 0.571852731591449 0.09228187919463086 0.4691211401425178
1 0.9119127516778524 0.5700712589073634 0.06543624161073826 0.47030878859857483
1 0.18288590604026844 0.8895486935866984 0.15100671140939598 0.09263657957244656
1 0.3238255033557047 0.8883610451306414 0.09395973154362416 0.09738717339667459
1 0.412751677852349 0.8907363420427554 0.053691275167785234 0.09738717339667459
1 0.47818791946308725 0.8883610451306414 0.050335570469798654 0.09738717339667459
1 0.6048657718120806 0.8889548693586699 0.17281879194630873 0.0985748218527316
1 0.7575503355704698 0.8907363420427554 0.09228187919463086 0.09738717339667459
1 0.8447986577181208 0.8895486935866984 0.04865771812080537 0.09501187648456058
1 0.9152684563758389 0.8889548693586699 0.04865771812080537 0.09382422802850357
