0 0.49580536912751677 0.17102137767220904 0.8104026845637584 0.20427553444180524
0 0.5041946308724832 0.4097387173396675 0.8171140939597316 0.0498812351543943
1 0.2063758389261745 0.16983372921615203 0.2181208053691275 0.1995249406175772
1 0.4001677852348993 0.16864608076009502 0.13590604026845637 0.21140142517814728
1 0.552013422818792 0.17102137767220904 0.14093959731543623 0.20190023752969122
1 0.7080536912751678 0.17161520190023755 0.1476510067114094 0.20546318289786225
1 0.8447986577181208 0.17042755344418054 0.10570469798657718 0.1959619952494062
1 0.17953020134228187 0.40380047505938244 0.17114093959731544 0.04750593824228029
1 0.38422818791946306 0.4109263657957245 0.17785234899328858 0.045130641330166275
1 0.575503355704698 0.4097387173396675 0.17785234899328858 0.040380047505938245
1 0.7835570469798657 0.4109263657957245 0.22483221476510068 0.045130641330166275
