0 0.5008389261744967 0.07363420427553445 0.8137583892617449 0.03800475059382423
0 0.5033557046979865 0.3450118764845606 0.8087248322147651 0.40498812351543945
0 0.49916107382550334 0.6995249406175772 0.8104026845637584 0.10926365795724466
1 0.33221476510067116 0.07600950118764846 0.47315436241610737 0.030878859857482188
1 0.6593959731543624 0.07541567695961995 0.15100671140939598 0.03444180522565321
1 0.8213087248322147 0.07541567695961995 0.15268456375838926 0.02969121140142518
1 0.2273489932885906 0.3485748218527316 0.25 0.4026128266033254
1 0.43540268456375836 0.3450118764845606 0.13926174496644295 0.4002375296912114
1 0.589765100671141 0.3450118764845606 0.1325503355704698 0.4026128266033254
1 0.7231543624161074 0.3473871733966746 0.10738255033557047 0.40498812351543945
1 0.8447986577181208 0.3461995249406176 0.10906040268456375 0.40498812351543945
1 0.15855704697986578 0.7007125890736342 0.12583892617449663 0.11163895486935868
1 0.2919463087248322 0.7019002375296912 0.12080536912751677 0.10213776722090262
1 0.412751677852349 0.7001187648456058 0.1040268456375839 0.10570071258907364
1 0.5343959731543624 0.6989311163895487 0.10906040268456375 0.10807600950118765
1 0.6694630872483222 0.6983372921615202 0.15100671140939598 0.10451306413301663
1 0.8263422818791946 0.7001187648456058 0.13926174496644295 0.10807600950118765
