0 0.5067114093959731 0.1823040380047506 0.936241610738255 0.2980997624703088
0 0.5008389261744967 0.6840855106888362 0.9144295302013422 0.48693586698337293
1 0.1686241610738255 0.18171021377672208 0.24664429530201343 0.29691211401425177
1 0.3338926174496644 0.1828978622327791 0.053691275167785234 0.2992874109263658
1 0.401006711409396 0.18171021377672208 0.053691275167785234 0.29691211401425177
1 0.47063758389261745 0.18171021377672208 0.05201342281879195 0.29691211401425177
1 0.5360738255033557 0.1811163895486936 0.05201342281879195 0.2933491686460808
1 0.6015100671140939 0.18171021377672208 0.05536912751677852 0.2921615201900238
1 0.6736577181208053 0.1805225653206651 0.0587248322147651 0.2945368171021378
1 0.7491610738255033 0.1823040380047506 0.06208053691275168 0.29572446555819476
1 0.8221476510067114 0.1823040380047506 0.0436241610738255 0.29572446555819476
1 0.8842281879194631 0.1834916864608076 0.0436241610738255 0.2980997624703088
1 0.9471476510067114 0.1811163895486936 0.04865771812080537 0.29572446555819476
1 0.18036912751677853 0.6840855106888362 0.24664429530201343 0.4821852731591449
1 0.34563758389261745 0.6834916864608076 0.053691275167785234 0.48099762470308793
1 0.41191275167785235 0.6828978622327792 0.04865771812080537 0.4845605700712589
1 0.4723154362416107 0.6840855106888362 0.04530201342281879 0.4821852731591449
1 0.5310402684563759 0.6828978622327792 0.04530201342281879 0.4845605700712589
1 0.5922818791946308 0.6834916864608076 0.050335570469798654 0.4833729216152019
1 0.6577181208053691 0.6882422802850356 0.04697986577181208 0.4762470308788599
1 0.7256711409395973 0.6882422802850356 0.05201342281879195 0.47387173396674587
1 0.7927852348993288 0.6888361045130642 0.05201342281879195 0.47268408551068886
1 0.8565436241610738 0.6906175771971497 0.04530201342281879 0.47387173396674587
1 0.9261744966442953 0.6888361045130642 0.07046979865771812 0.47268408551068886
