0 0.036000000000000004 0.4986376021798365 0.04685714285714286 0.9754768392370572
0 0.14114285714285715 0.5027247956403269 0.14514285714285716 0.9836512261580381
0 0.24800000000000003 0.49591280653950953 0.05028571428571429 0.9754768392370572
0 0.30628571428571433 0.4986376021798365 0.05028571428571429 0.9809264305177111
0 0.3748571428571429 0.4986376021798365 0.05028571428571429 0.9809264305177111
0 0.4365714285714286 0.49591280653950953 0.05028571428571429 0.9754768392370572
0 0.504 0.5054495912806539 0.05028571428571429 0.9673024523160763
0 0.5680000000000001 0.5081743869209809 0.05028571428571429 0.9727520435967302
0 0.6365714285714286 0.5013623978201635 0.05028571428571429 0.9809264305177111
0 0.6982857142857143 0.4986376021798365 0.05028571428571429 0.9754768392370572
0 0.7657142857142858 0.5 0.05028571428571429 0.9727520435967302
0 0.8297142857142857 0.5013623978201635 0.05028571428571429 0.9754768392370572
0 0.8982857142857144 0.494550408719346 0.05028571428571429 0.9727520435967302
0 0.9577142857142857 0.497275204359673 0.05028571428571429 0.9782016348773842
