0 0.5033557046979865 0.4263657957244656 0.7651006711409396 0.6318289786223278
1 0.24916107382550334 0.4519002375296912 0.24328859060402683 0.5831353919239906
1 0.424496644295302 0.4418052256532067 0.08389261744966443 0.5866983372921616
1 0.4723154362416107 0.4317102137767221 0.18288590604026844 0.6092636579572447
1 0.5184563758389261 0.4418052256532067 0.07046979865771812 0.5866983372921616
1 0.6468120805369127 0.4334916864608076 0.1493288590604027 0.6104513064133017
1 0.8053691275167785 0.4323040380047506 0.13758389261744966 0.6104513064133017
1 0.6065436241610738 0.4447743467933492 0.05536912751677852 0.5973871733966746
1 0.6812080536912751 0.4418052256532067 0.06375838926174497 0.5914489311163895
1 0.7701342281879194 0.4447743467933492 0.053691275167785234 0.5878859857482186
1 0.8355704697986577 0.4435866983372922 0.05704697986577181 0.5855106888361046
