0 0.0708922261484099 0.4939091915836102 0.13825088339222616 0.9745293466223698
0 0.295273851590106 0.5 0.29019434628975266 0.9933554817275747
0 0.22040636042402825 0.10132890365448505 0.13692579505300354 0.18050941306755258
0 0.3661660777385159 0.10132890365448505 0.13692579505300354 0.18050941306755258
0 0.5059628975265018 0.49612403100775193 0.1161660777385159 0.9789590254706534
0 0.6760159010600707 0.10631229235880399 0.21775618374558303 0.17718715393133996
0 0.5912102473498233 0.5996677740863787 0.04284452296819788 0.8006644518272424
0 0.7016342756183745 0.5902547065337763 0.15768551236749118 0.7973421926910299
0 0.8915636042402827 0.0991140642303433 0.21068904593639576 0.1849390919158361
0 0.8902385159010601 0.5996677740863787 0.21068904593639576 0.8006644518272424
0 0.8341431095406361 0.0991140642303433 0.08701413427561837 0.1849390919158361
0 0.941696113074205 0.09745293466223698 0.11042402826855123 0.18161683277962348
