0 0.5201342281879194 0.08966745843230405 0.7516778523489933 0.048693586698337295
0 0.49748322147651003 0.2327790973871734 0.7768456375838926 0.163895486935867
0 0.4983221476510067 0.39014251781472686 0.7785234899328859 0.11045130641330167
0 0.4815436241610738 0.5576009501187649 0.7516778523489933 0.07482185273159145
1 0.16023489932885907 0.09085510688836104 0.02181208053691275 0.048693586698337295
1 0.21476510067114093 0.09204275534441805 0.053691275167785234 0.048693586698337295
1 0.28691275167785235 0.09204275534441805 0.053691275167785234 0.048693586698337295
1 0.35570469798657717 0.09085510688836104 0.053691275167785234 0.048693586698337295
1 0.4261744966442953 0.09085510688836104 0.053691275167785234 0.043942992874109264
1 0.4949664429530201 0.09026128266033255 0.053691275167785234 0.045130641330166275
1 0.5687919463087249 0.09144893111638955 0.050335570469798654 0.045130641330166275
1 0.6384228187919463 0.09026128266033255 0.05536912751677852 0.045130641330166275
1 0.7063758389261745 0.09144893111638955 0.053691275167785234 0.04750593824228029
1 0.7785234899328859 0.09144893111638955 0.05704697986577181 0.04750593824228029
1 0.8582214765100671 0.09144893111638955 0.06879194630872483 0.045130641330166275
1 0.24412751677852348 0.23218527315914492 0.2634228187919463 0.16270783847981
1 0.4848993288590604 0.2304038004750594 0.18791946308724833 0.16152019002375298
1 0.7382550335570469 0.2309976247030879 0.28187919463087246 0.16270783847981
1 0.24496644295302014 0.39073634204275537 0.26174496644295303 0.10926365795724466
1 0.4832214765100671 0.39014251781472686 0.18456375838926173 0.10570071258907364
1 0.7382550335570469 0.38954869358669836 0.28523489932885904 0.10688836104513065
1 0.1761744966442953 0.5587885985748219 0.14093959731543623 0.07482185273159145
1 0.3473154362416107 0.5576009501187649 0.16778523489932887 0.07482185273159145
1 0.5201342281879194 0.570665083135392 0.1442953020134228 0.05106888361045131
1 0.7290268456375839 0.5700712589073634 0.23657718120805368 0.04750593824228029
