0 0.4966442953020134 0.19180522565320665 0.761744966442953 0.22209026128266035
0 0.5201342281879194 0.6294536817102138 0.7953020134228188 0.5629453681710214
1 0.1442953020134228 0.19536817102137768 0.03355704697986577 0.21971496437054633
1 0.28942953020134227 0.19536817102137768 0.21644295302013422 0.22209026128266035
1 0.4572147651006711 0.19418052256532067 0.07885906040268456 0.21971496437054633
1 0.598993288590604 0.19121140142517815 0.15771812080536912 0.2137767220902613
1 0.7843959731543624 0.19358669833729217 0.16610738255033558 0.2161520190023753
1 0.3070469798657718 0.6270783847980997 0.3523489932885906 0.5581947743467933
1 0.5956375838926175 0.6306413301662708 0.18791946308724833 0.5629453681710214
1 0.8070469798657718 0.6288598574821853 0.19798657718120805 0.5570071258907364
