0 0.053475935828877004 0.5050761421319797 0.09893048128342245 0.9695431472081217
0 0.15240641711229946 0.5025380710659898 0.08823529411764705 0.9746192893401014
0 0.2439839572192513 0.49238578680203043 0.07887700534759358 0.9340101522842639
0 0.32954545454545453 0.4873096446700507 0.08422459893048127 0.9238578680203045
0 0.4164438502673797 0.47969543147208116 0.08689839572192513 0.9086294416243654
0 0.5073529411764706 0.47715736040609136 0.08689839572192513 0.9035532994923857
0 0.5982620320855615 0.47715736040609136 0.08422459893048127 0.9035532994923857
0 0.6851604278074865 0.482233502538071 0.08422459893048127 0.9137055837563451
0 0.7747326203208555 0.47969543147208116 0.08155080213903743 0.9086294416243654
0 0.8622994652406417 0.4898477157360406 0.0855614973262032 0.9289340101522842
0 0.9525401069518716 0.482233502538071 0.08422459893048127 0.9137055837563451
