0 0.4907718120805369 0.18942992874109266 0.8775167785234899 0.13895486935866985
0 0.49161073825503354 0.35391923990498814 0.8791946308724832 0.14014251781472684
0 0.4890939597315436 0.5160332541567696 0.8808724832214765 0.13657957244655583
0 0.4890939597315436 0.655581947743468 0.8808724832214765 0.13539192399049882
0 0.4890939597315436 0.8551068883610452 0.8775167785234899 0.15676959619952494
1 0.08137583892617449 0.2001187648456057 0.04530201342281879 0.12232779097387174
1 0.1401006711409396 0.1989311163895487 0.04194630872483222 0.11995249406175773
1 0.38674496644295303 0.1995249406175772 0.424496644295302 0.1163895486935867
1 0.6761744966442953 0.1983372921615202 0.11073825503355704 0.12114014251781473
1 0.8322147651006712 0.1995249406175772 0.17114093959731544 0.12114014251781473
1 0.08053691275167785 0.3622327790973872 0.0436241610738255 0.12114014251781473
1 0.14093959731543623 0.3622327790973872 0.0436241610738255 0.11876484560570072
1 0.3884228187919463 0.36342042755344417 0.4312080536912752 0.12114014251781473
1 0.6761744966442953 0.36342042755344417 0.11409395973154363 0.11876484560570072
1 0.8364093959731543 0.3628266033254157 0.16946308724832215 0.11995249406175773
1 0.07885906040268456 0.5249406175771971 0.0436241610738255 0.11876484560570072
1 0.1401006711409396 0.5249406175771971 0.04530201342281879 0.1163895486935867
1 0.38926174496644295 0.5255344418052257 0.4228187919463087 0.1152019002375297
1 0.6761744966442953 0.5249406175771971 0.11409395973154363 0.11876484560570072
1 0.8355704697986577 0.5255344418052257 0.174496644295302 0.11757719714964371
1 0.08137583892617449 0.6633016627078385 0.04530201342281879 0.11757719714964371
1 0.13758389261744966 0.663895486935867 0.050335570469798654 0.1163895486935867
1 0.3859060402684564 0.6644893111638955 0.4261744966442953 0.1152019002375297
1 0.6736577181208053 0.66270783847981 0.11241610738255034 0.1163895486935867
1 0.8330536912751678 0.663895486935867 0.17281879194630873 0.11876484560570072
1 0.08221476510067113 0.8646080760095012 0.04697986577181208 0.13776722090261284
1 0.13842281879194632 0.8622327790973872 0.04194630872483222 0.13539192399049882
1 0.3884228187919463 0.8640142517814727 0.424496644295302 0.14133016627078385
1 0.677013422818792 0.8640142517814727 0.11577181208053691 0.13657957244655583
1 0.8338926174496644 0.8628266033254157 0.16778523489932887 0.1342042755344418
