0 0.49916107382550334 0.2529691211401425 0.8204697986577181 0.37292161520190026
0 0.5067114093959731 0.8562945368171022 0.8288590604026845 0.12114014251781473
1 0.1266778523489933 0.24346793349168647 0.06543624161073826 0.35629453681710216
1 0.2835570469798658 0.246437054631829 0.2181208053691275 0.3527315914489311
1 0.436241610738255 0.25356294536817103 0.060402684563758385 0.3693586698337292
1 0.5083892617449665 0.252375296912114 0.05704697986577181 0.3693586698337292
1 0.5822147651006712 0.2517814726840855 0.060402684563758385 0.3681710213776722
1 0.6552013422818792 0.25356294536817103 0.0587248322147651 0.37410926365795727
1 0.7273489932885906 0.25415676959619954 0.05536912751677852 0.37292161520190026
1 0.796979865771812 0.252375296912114 0.060402684563758385 0.37173396674584325
1 0.8716442953020134 0.2517814726840855 0.0587248322147651 0.3681710213776722
1 0.12080536912751677 0.5795724465558195 0.053691275167785234 0.1805225653206651
1 0.25671140939597314 0.578978622327791 0.18791946308724833 0.1793349168646081
1 0.38758389261744963 0.5973871733966746 0.0436241610738255 0.1828978622327791
1 0.4471476510067114 0.5973871733966746 0.04530201342281879 0.1828978622327791
1 0.5083892617449665 0.5991686460807601 0.040268456375838924 0.18646080760095013
1 0.5687919463087249 0.5979809976247031 0.040268456375838924 0.1840855106888361
1 0.6291946308724832 0.5973871733966746 0.04697986577181208 0.1828978622327791
1 0.6879194630872483 0.5967933491686461 0.0436241610738255 0.18171021377672208
1 0.7483221476510067 0.5973871733966746 0.04697986577181208 0.18527315914489312
1 0.8078859060402684 0.5979809976247031 0.04194630872483222 0.18171021377672208
1 0.8699664429530202 0.5896674584323041 0.0587248322147651 0.2007125890736342
1 0.25167785234899326 0.8574821852731592 0.3187919463087248 0.11876484560570072
1 0.46560402684563756 0.8580760095011877 0.07885906040268456 0.11995249406175773
1 0.6124161073825504 0.8574821852731592 0.1912751677852349 0.12114014251781473
1 0.8196308724832214 0.8568883610451307 0.1929530201342282 0.11995249406175773
