0 0.4983221476510067 0.3859857482185273 0.8154362416107382 0.35629453681710216
0 0.49161073825503354 0.7832541567695962 0.8154362416107382 0.2648456057007126
1 0.23573825503355705 0.38717339667458434 0.27013422818791943 0.35629453681710216
1 0.4471476510067114 0.3859857482185273 0.1325503355704698 0.3515439429928741
1 0.5931208053691275 0.3853919239904988 0.14261744966442952 0.3479809976247031
1 0.7265100671140939 0.39014251781472686 0.10067114093959731 0.3503562945368171
1 0.8439597315436241 0.38836104513064135 0.10738255033557047 0.34679334916864607
1 0.14093959731543623 0.7820665083135392 0.1040268456375839 0.2648456057007126
1 0.23238255033557045 0.7844418052256532 0.05201342281879195 0.25771971496437057
1 0.3028523489932886 0.7826603325415677 0.07885906040268456 0.2612826603325416
1 0.41023489932885904 0.7802850356294537 0.10906040268456375 0.26365795724465557
1 0.5369127516778524 0.7814726840855107 0.1174496644295302 0.26365795724465557
1 0.6518456375838926 0.7885985748218528 0.09563758389261745 0.2612826603325416
1 0.7609060402684563 0.7844418052256532 0.08221476510067113 0.2672209026128266
1 0.8515100671140939 0.7844418052256532 0.08892617449664429 0.2648456057007126
