0 0.5022467320261438 0.5538194444444445 0.920343137254902 0.5754419191919192
1 0.05984477124183007 0.5553977272727273 0.0298202614379085 0.5722853535353536
1 0.16319444444444445 0.5538194444444445 0.16053921568627452 0.569128787878788
1 0.43157679738562094 0.5522411616161617 0.3541666666666667 0.5640782828282829
1 0.6466503267973857 0.5542929292929294 0.049019607843137254 0.5681818181818182
1 0.6930147058823529 0.5539772727272728 0.027369281045751634 0.5713383838383839
1 0.7630718954248367 0.5533459595959597 0.09395424836601307 0.5700757575757576
1 0.8911356209150327 0.5538194444444445 0.13766339869281047 0.5672348484848485
1 0.769812091503268 0.9059343434343435 0.1156045751633987 0.11994949494949496
1 0.9121732026143791 0.9079861111111112 0.08986928104575163 0.12215909090909093
