0 0.48657718120805366 0.2808788598574822 0.7885906040268457 0.16983372921615203
0 0.49161073825503354 0.5587885985748219 0.7953020134228188 0.09144893111638955
0 0.49328859060402686 0.8521377672209026 0.802013422818792 0.13895486935866985
1 0.10151006711409395 0.27909738717339666 0.02181208053691275 0.16864608076009502
1 0.2063758389261745 0.2814726840855107 0.15771812080536912 0.16864608076009502
1 0.3523489932885906 0.2820665083135392 0.09731543624161074 0.16983372921615203
1 0.4697986577181208 0.2820665083135392 0.1040268456375839 0.16983372921615203
1 0.5570469798657718 0.2808788598574822 0.03691275167785235 0.167458432304038
1 0.6384228187919463 0.2832541567695962 0.08557046979865772 0.167458432304038
1 0.7382550335570469 0.2820665083135392 0.08053691275167785 0.167458432304038
1 0.8338926174496644 0.2832541567695962 0.08389261744966443 0.16983372921615203
1 0.12248322147651007 0.5581947743467933 0.04697986577181208 0.08788598574821853
1 0.2986577181208054 0.5581947743467933 0.27181208053691275 0.09026128266033255
1 0.6677852348993288 0.5587885985748219 0.4261744966442953 0.09144893111638955
1 0.1401006711409396 0.8539192399049882 0.08892617449664429 0.14251781472684086
1 0.4681208053691275 0.8539192399049882 0.5369127516778524 0.14014251781472684
1 0.8171140939597316 0.8545130641330166 0.13758389261744966 0.13657957244655583
