0 0.05278592375366569 0.5 0.0967741935483871 0.9053254437869822
0 0.14442815249266863 0.49408284023668636 0.08064516129032258 0.9171597633136095
0 0.22947214076246333 0.4881656804733728 0.08064516129032258 0.9171597633136095
0 0.31744868035190615 0.47633136094674555 0.08064516129032258 0.9171597633136095
0 0.40542521994134895 0.4881656804733728 0.08064516129032258 0.9171597633136095
0 0.4904692082111437 0.49408284023668636 0.08064516129032258 0.9171597633136095
0 0.5762463343108505 0.5088757396449703 0.07331378299120235 0.923076923076923
0 0.656891495601173 0.5029585798816568 0.07331378299120235 0.923076923076923
0 0.7434017595307918 0.4911242603550296 0.07331378299120235 0.923076923076923
0 0.8401759530791789 0.47928994082840237 0.07331378299120235 0.923076923076923
0 0.9384164222873901 0.48520710059171596 0.07331378299120235 0.923076923076923
