0 0.5067114093959731 0.2589073634204276 0.7181208053691275 0.34679334916864607
0 0.5067114093959731 0.8479809976247031 0.714765100671141 0.12351543942992875
1 0.28942953020134227 0.25712589073634207 0.27684563758389263 0.3432304038004751
1 0.4723154362416107 0.25771971496437057 0.06543624161073826 0.3420427553444181
1 0.5478187919463087 0.2600950118764846 0.06543624161073826 0.34679334916864607
1 0.6199664429530202 0.2583135391923991 0.05536912751677852 0.34085510688836107
1 0.6937919463087249 0.25771971496437057 0.06879194630872483 0.3420427553444181
1 0.7659395973154363 0.2583135391923991 0.05536912751677852 0.34085510688836107
1 0.8338926174496644 0.25771971496437057 0.05704697986577181 0.33966745843230406
1 0.33640939597315433 0.8497624703087886 0.37416107382550334 0.12232779097387174
1 0.5880872483221476 0.8491686460807601 0.1023489932885906 0.11876484560570072
1 0.6971476510067114 0.8479809976247031 0.09563758389261745 0.11876484560570072
1 0.8087248322147651 0.8491686460807601 0.10738255033557047 0.11876484560570072
