0 0.49959150326797386 0.5544507575757576 0.917483660130719 0.5703914141414141
1 0.05759803921568628 0.5538194444444445 0.03676470588235294 0.569128787878788
1 0.16605392156862744 0.5560290404040404 0.16053921568627452 0.569128787878788
1 0.43300653594771243 0.5549242424242424 0.35947712418300654 0.5669191919191919
1 0.6474673202614379 0.5549242424242424 0.05310457516339869 0.5694444444444445
1 0.6950571895424836 0.5549242424242424 0.02573529411764706 0.5694444444444445
1 0.7630718954248367 0.5544507575757576 0.09150326797385622 0.5703914141414141
1 0.886233660130719 0.5549242424242424 0.13357843137254902 0.5694444444444445
1 0.7712418300653595 0.9021464646464648 0.10784313725490197 0.1186868686868687
1 0.9319852941176471 0.9010416666666667 0.07230392156862746 0.12089646464646465
