0 0.06703567035670357 0.5063291139240506 0.10209102091020911 0.9367088607594936
0 0.16297662976629768 0.49999999999999994 0.07749077490774908 0.940928270042194
0 0.24046740467404676 0.49999999999999994 0.06519065190651907 0.9493670886075949
0 0.31365313653136534 0.5126582278481012 0.06396063960639607 0.9493670886075949
0 0.3960639606396064 0.49999999999999994 0.07380073800738007 0.9156118143459915
0 0.4809348093480935 0.4915611814345991 0.07380073800738007 0.9156118143459915
0 0.5621156211562116 0.4915611814345991 0.07380073800738007 0.9156118143459915
0 0.6482164821648216 0.48734177215189867 0.07380073800738007 0.9156118143459915
0 0.7343173431734318 0.49999999999999994 0.07380073800738007 0.9156118143459915
0 0.8314883148831489 0.5147679324894514 0.09348093480934809 0.9113924050632911
0 0.9360393603936039 0.5126582278481012 0.10086100861008611 0.9156118143459915
