0 0.50251677852349 0.2167458432304038 0.5922818791946308 0.1959619952494062
0 0.4966442953020134 0.7238717339667459 0.5939597315436241 0.23871733966745845
1 0.31208053691275167 0.2137767220902613 0.2181208053691275 0.19239904988123516
1 0.4899328859060403 0.2149643705463183 0.11073825503355704 0.19002375296912116
1 0.6048657718120806 0.2167458432304038 0.08892617449664429 0.19121140142517815
1 0.7273489932885906 0.2155581947743468 0.12583892617449663 0.19121140142517815
1 0.31208053691275167 0.7238717339667459 0.2181208053691275 0.23871733966745845
1 0.48825503355704697 0.7232779097387174 0.11073825503355704 0.23515439429928742
1 0.6031879194630873 0.7214964370546318 0.08221476510067113 0.2315914489311164
1 0.7223154362416108 0.7226840855106889 0.12248322147651007 0.23634204275534443
