0 0.5251677852348993 0.3182897862232779 0.7583892617449665 0.4465558194774347
0 0.5243288590604027 0.8467933491686461 0.39429530201342283 0.17814726840855108
1 0.4890939597315436 0.8450118764845606 0.3036912751677852 0.17458432304038005
1 0.6870805369127516 0.8461995249406176 0.06208053691275168 0.17458432304038005
1 0.2256711409395973 0.3188836104513064 0.15268456375838926 0.43824228028503565
1 0.3615771812080537 0.3182897862232779 0.09899328859060402 0.4418052256532067
1 0.4572147651006711 0.3188836104513064 0.06543624161073826 0.4429928741092637
1 0.5293624161073825 0.3188836104513064 0.04865771812080537 0.44061757719714967
1 0.5939597315436241 0.32185273159144895 0.07046979865771812 0.4441805225653207
1 0.6686241610738255 0.3194774346793349 0.04530201342281879 0.4418052256532067
1 0.735738255033557 0.3188836104513064 0.06208053691275168 0.4453681710213777
1 0.8406040268456376 0.32125890736342044 0.11409395973154363 0.4501187648456057
