0 0.49748322147651003 0.6425178147268409 0.7634228187919463 0.23990498812351546
0 0.5100671140939598 0.8485748218527316 0.7818791946308725 0.11995249406175773
1 0.15771812080536912 0.6437054631828979 0.0738255033557047 0.23990498812351546
1 0.3926174496644295 0.6454869358669834 0.3724832214765101 0.23634204275534443
1 0.62751677852349 0.6437054631828979 0.05704697986577181 0.23990498812351546
1 0.6887583892617449 0.6437054631828979 0.04194630872483222 0.22802850356294538
1 0.75251677852349 0.6472684085510689 0.05536912751677852 0.2327790973871734
1 0.8322147651006712 0.6448931116389549 0.08053691275167785 0.23752969121140144
1 0.16275167785234898 0.8479809976247031 0.08053691275167785 0.10926365795724466
1 0.41191275167785235 0.8491686460807601 0.38422818791946306 0.11163895486935868
1 0.6510067114093959 0.8539192399049882 0.06711409395973154 0.1163895486935867
1 0.709731543624161 0.8485748218527316 0.03355704697986577 0.10807600950118765
1 0.7701342281879194 0.8473871733966746 0.060402684563758385 0.11045130641330167
1 0.8531879194630873 0.8456057007125891 0.09228187919463086 0.11163895486935868
