0 0.5058724832214765 0.40498812351543945 0.8976510067114094 0.5558194774346794
0 0.3724832214765101 0.7624703087885986 0.5134228187919463 0.11401425178147269
0 0.5041946308724832 0.8836104513064134 0.8942953020134228 0.07838479809976247
1 0.10654362416107382 0.40320665083135393 0.09563758389261745 0.5522565320665084
1 0.3624161073825503 0.40439429928741094 0.39932885906040266 0.5570071258907364
1 0.7575503355704698 0.40498812351543945 0.37080536912751677 0.5558194774346794
1 0.16275167785234898 0.7624703087885986 0.087248322147651 0.11163895486935868
1 0.2676174496644295 0.7630641330166271 0.06879194630872483 0.10807600950118765
1 0.38758389261744963 0.7630641330166271 0.1442953020134228 0.10807600950118765
1 0.5511744966442953 0.7630641330166271 0.13926174496644295 0.10807600950118765
1 0.2961409395973154 0.8824228028503563 0.46140939597315433 0.07125890736342043
1 0.6577181208053691 0.8842042755344418 0.23825503355704697 0.07482185273159145
1 0.8674496644295302 0.8836104513064134 0.15100671140939598 0.07363420427553445
