0 0.5033557046979865 0.12529691211401425 0.7550335570469798 0.17458432304038005
0 0.5050335570469798 0.3271971496437055 0.7516778523489933 0.14370546318289787
0 0.5041946308724832 0.4994061757719715 0.7533557046979865 0.10807600950118765
0 0.5016778523489933 0.649643705463183 0.7483221476510067 0.10688836104513065
0 0.5016778523489933 0.8022565320665084 0.7516778523489933 0.10807600950118765
1 0.17114093959731544 0.12410926365795726 0.087248322147651 0.17220902612826605
1 0.3624161073825503 0.12767220902612827 0.2751677852348993 0.17220902612826605
1 0.5570469798657718 0.12826603325415678 0.08389261744966443 0.17102137767220904
1 0.6526845637583892 0.12707838479809977 0.08053691275167785 0.17339667458432304
1 0.7348993288590604 0.12589073634204276 0.05704697986577181 0.17339667458432304
1 0.8238255033557047 0.12529691211401425 0.09395973154362416 0.16983372921615203
1 0.17533557046979864 0.3283847980997625 0.08557046979865772 0.14133016627078385
1 0.36661073825503354 0.3319477434679335 0.27013422818791943 0.14370546318289787
1 0.5545302013422818 0.328978622327791 0.08557046979865772 0.13776722090261284
1 0.6510067114093959 0.32957244655581946 0.087248322147651 0.14133016627078385
1 0.735738255033557 0.327790973871734 0.05536912751677852 0.14251781472684086
1 0.8238255033557047 0.328978622327791 0.09395973154362416 0.14489311163895488
1 0.17365771812080535 0.4994061757719715 0.08892617449664429 0.10570071258907364
1 0.3783557046979866 0.5005938242280286 0.2936241610738255 0.10095011876484561
1 0.5671140939597316 0.49762470308788603 0.06375838926174497 0.10688836104513065
1 0.6535234899328859 0.498812351543943 0.07885906040268456 0.10451306413301663
1 0.7365771812080537 0.5005938242280286 0.060402684563758385 0.10807600950118765
1 0.8296979865771812 0.5 0.09563758389261745 0.10451306413301663
1 0.1761744966442953 0.6478622327790974 0.087248322147651 0.10332541567695963
1 0.36661073825503354 0.649643705463183 0.27013422818791943 0.10213776722090262
1 0.5562080536912751 0.6490498812351544 0.08221476510067113 0.10332541567695963
1 0.6510067114093959 0.652019002375297 0.08389261744966443 0.10213776722090262
1 0.7332214765100671 0.65083135391924 0.06375838926174497 0.10213776722090262
1 0.8263422818791946 0.649643705463183 0.09228187919463086 0.10213776722090262
1 0.17533557046979864 0.8022565320665084 0.08557046979865772 0.10570071258907364
1 0.36828859060402686 0.8040380047505938 0.27348993288590606 0.10451306413301663
1 0.5595637583892618 0.8028503562945368 0.07885906040268456 0.10213776722090262
1 0.6543624161073825 0.8034441805225654 0.07718120805369127 0.10570071258907364
1 0.7340604026845637 0.8028503562945368 0.06208053691275168 0.10451306413301663
1 0.8288590604026845 0.8034441805225654 0.09395973154362416 0.10570071258907364
