0 0.033 0.5093457943925234 0.054 0.9813084112149532
0 0.225 0.5093457943925234 0.298 0.9999999999999999
0 0.6930000000000001 0.5116822429906541 0.614 0.9953271028037383
0 0.418 0.5397196261682242 0.052000000000000005 0.8925233644859812
0 0.49 0.5420560747663551 0.056 0.8971962616822429
0 0.5640000000000001 0.5350467289719626 0.064 0.9018691588785046
0 0.638 0.5630841121495327 0.048 0.8831775700934579
0 0.706 0.5467289719626168 0.06 0.925233644859813
0 0.778 0.5420560747663551 0.056 0.8971962616822429
0 0.847 0.5560747663551402 0.05 0.9065420560747662
0 0.9400000000000001 0.5420560747663551 0.10400000000000001 0.8878504672897196
