0 0.5041946308724832 0.37410926365795727 0.8942953020134228 0.42042755344418054
0 0.5050335570469798 0.736935866983373 0.8926174496644295 0.2600950118764846
1 0.10067114093959731 0.37232779097387175 0.09395973154362416 0.4192399049881235
1 0.24664429530201343 0.3758907363420428 0.13758389261744966 0.4168646080760095
1 0.6333892617449665 0.37292161520190026 0.6157718120805369 0.4156769596199525
1 0.11828859060402684 0.736935866983373 0.10570469798657718 0.25771971496437057
1 0.24580536912751677 0.73812351543943 0.12919463087248323 0.25534441805225655
1 0.36828859060402686 0.7375296912114014 0.08557046979865772 0.25415676959619954
1 0.44966442953020136 0.73812351543943 0.06375838926174497 0.25534441805225655
1 0.7156040268456376 0.736935866983373 0.45805369127516776 0.25771971496437057
