0 0.019801980198019802 0.5 0.019801980198019802 0.9700374531835206
0 0.20155586987270158 0.49812734082397003 0.32390381895332393 0.9737827715355806
0 0.6838755304101839 0.5355805243445693 0.6237623762376238 0.8539325842696629
0 0.41654879773691655 0.4850187265917603 0.08345120226308346 0.947565543071161
0 0.4971711456859972 0.4812734082397004 0.06930693069306931 0.9400749063670412
0 0.5735502121640735 0.4868913857677903 0.06930693069306931 0.951310861423221
0 0.6471004243281471 0.48876404494382025 0.06930693069306931 0.9550561797752809
0 0.7263083451202264 0.5 0.06930693069306931 0.9625468164794008
0 0.7998585572842999 0.49625468164794007 0.06930693069306931 0.9625468164794008
0 0.879066478076379 0.49250936329588013 0.06930693069306931 0.9625468164794008
0 0.954031117397454 0.4906367041198502 0.06930693069306931 0.9588014981273408
