0 0.16185897435897437 0.1823671497584541 0.30448717948717946 0.1570048309178744
0 0.530448717948718 0.1859903381642512 0.38782051282051283 0.16425120772946858
0 0.8830128205128205 0.18840579710144928 0.21474358974358973 0.15458937198067632
0 0.15384615384615385 0.4384057971014493 0.2948717948717949 0.15217391304347824
0 0.5400641025641025 0.4359903381642512 0.42628205128205127 0.14251207729468598
0 0.891025641025641 0.4384057971014493 0.20512820512820512 0.15217391304347824
0 0.16025641025641024 0.6920289855072463 0.30128205128205127 0.1473429951690821
0 0.5608974358974359 0.6871980676328502 0.4358974358974359 0.1473429951690821
0 0.8942307692307692 0.6944444444444444 0.1987179487179487 0.1570048309178744
0 0.16025641025641024 0.8816425120772946 0.2948717948717949 0.15942028985507245
0 0.5384615384615384 0.8828502415458936 0.41025641025641024 0.1473429951690821
0 0.8862179487179487 0.8816425120772946 0.20833333333333331 0.15458937198067632
