0 0.021142109851787272 0.5089285714285714 0.02746294681778553 0.9214285714285714
0 0.11551874455100263 0.5026785714285714 0.14385353095030515 0.9696428571428571
0 0.23474280732345248 0.5205357142857143 0.07977332170880558 0.9339285714285714
0 0.3156059285091543 0.5205357142857143 0.06974716652136007 0.9589285714285714
0 0.3788142981691369 0.5241071428571429 0.04795117698343505 0.9410714285714286
0 0.45139494333042723 0.5205357142857143 0.0972101133391456 0.9339285714285714
0 0.5464254577157803 0.5330357142857143 0.1015693112467306 0.9339285714285714
0 0.6373147340889277 0.5178571428571428 0.08282476024411509 0.975
0 0.7201394943330427 0.5205357142857143 0.08892763731473409 0.9589285714285714
0 0.8173496076721883 0.5383928571428571 0.09154315605928509 0.9946428571428572
0 0.933740191804708 0.5116071428571428 0.12641673931996514 0.9160714285714285
