0 0.5276845637583892 0.2808788598574822 0.7869127516778524 0.4786223277909739
0 0.5251677852348993 0.7125890736342043 0.7885906040268457 0.33966745843230406
1 0.2558724832214765 0.28028503562945367 0.2332214765100671 0.4774346793349169
1 0.4924496644295302 0.27909738717339666 0.21308724832214765 0.4750593824228029
1 0.6812080536912751 0.2814726840855107 0.14093959731543623 0.4798099762470309
1 0.837248322147651 0.2808788598574822 0.1442953020134228 0.4762470308788599
1 0.25 0.7131828978622328 0.22483221476510068 0.33847980997624705
1 0.45553691275167785 0.7125890736342043 0.15604026845637584 0.33729216152019004
1 0.6308724832214765 0.7131828978622328 0.16442953020134227 0.336104513064133
1 0.8179530201342282 0.7131828978622328 0.18288590604026844 0.34085510688836107
