0 0.4908088235294118 0.43655303030303033 0.8729575163398693 0.2670454545454546
1 0.10600490196078431 0.42440025252525254 0.09272875816993464 0.228219696969697
1 0.2512254901960784 0.4266098484848485 0.1919934640522876 0.2326388888888889
1 0.39481209150326796 0.4248737373737374 0.08700980392156862 0.2272727272727273
1 0.48794934640522875 0.42550505050505055 0.0886437908496732 0.23042929292929296
1 0.5900735294117647 0.4281881313131313 0.09926470588235295 0.23137626262626265
1 0.673202614379085 0.4266098484848485 0.058823529411764705 0.2326388888888889
1 0.7598039215686275 0.4250315656565657 0.09803921568627451 0.23137626262626265
1 0.8684640522875817 0.42392676767676774 0.10620915032679738 0.2272727272727273
1 0.5874183006535948 0.5560290404040404 0.10212418300653595 0.01988636363636364
1 0.6744281045751634 0.5591856060606061 0.06127450980392157 0.024305555555555556
1 0.761029411764706 0.5533459595959597 0.09558823529411765 0.025252525252525256
1 0.8754084967320261 0.5555555555555556 0.10620915032679738 0.025252525252525256
