0 0.09848484848484848 0.5 0.18831168831168832 0.9354838709677419
0 0.24025974025974026 0.5564516129032258 0.03463203463203463 0.7741935483870968
0 0.30627705627705626 0.5241935483870968 0.045454545454545456 0.7419354838709677
0 0.3722943722943723 0.5685483870967741 0.047619047619047616 0.8306451612903225
0 0.44047619047619047 0.5766129032258064 0.049783549783549784 0.8467741935483871
0 0.5032467532467533 0.564516129032258 0.045454545454545456 0.8225806451612903
0 0.5670995670995671 0.5806451612903225 0.03463203463203463 0.8225806451612903
0 0.6255411255411255 0.5524193548387096 0.03896103896103896 0.814516129032258
0 0.6872294372294372 0.5604838709677419 0.04112554112554113 0.8306451612903225
0 0.7521645021645021 0.5766129032258064 0.045454545454545456 0.8306451612903225
0 0.814935064935065 0.5725806451612903 0.04112554112554113 0.8548387096774194
0 0.8863636363636364 0.5846774193548387 0.05411255411255411 0.8306451612903225
0 0.9512987012987013 0.564516129032258 0.049783549783549784 0.7903225806451613
