0 0.5184563758389261 0.24524940617577198 0.8389261744966443 0.32422802850356297
0 0.5276845637583892 0.6229216152019003 0.9211409395973155 0.19358669833729217
1 0.16191275167785235 0.2458432304038005 0.11241610738255034 0.327790973871734
1 0.287751677852349 0.2458432304038005 0.10906040268456375 0.32541567695962
1 0.45805369127516776 0.24346793349168647 0.20134228187919462 0.32541567695962
1 0.6954697986577181 0.24465558194774348 0.22651006711409397 0.32066508313539194
1 0.8833892617449665 0.2458432304038005 0.10570469798657718 0.32304038004750596
1 0.11577181208053691 0.6229216152019003 0.08389261744966443 0.19358669833729217
1 0.2751677852348993 0.6229216152019003 0.18791946308724833 0.18883610451306415
1 0.4672818791946309 0.6229216152019003 0.16275167785234898 0.19358669833729217
1 0.6384228187919463 0.6223277909738718 0.1493288590604027 0.19239904988123516
1 0.8557046979865771 0.6229216152019003 0.2483221476510067 0.19121140142517815
