0 0.4756711409395973 0.33669833729216153 0.7164429530201342 0.20308788598574823
0 0.47651006711409394 0.6128266033254157 0.7181208053691275 0.23990498812351546
0 0.4748322147651007 0.8503562945368172 0.7214765100671141 0.12589073634204276
1 0.35151006711409394 0.334916864608076 0.4513422818791946 0.1995249406175772
1 0.6166107382550335 0.33669833729216153 0.06208053691275168 0.2007125890736342
1 0.6929530201342282 0.33729216152019004 0.06375838926174497 0.1995249406175772
1 0.7902684563758389 0.336104513064133 0.07718120805369127 0.1995249406175772
1 0.3506711409395973 0.6110451306413301 0.4395973154362416 0.2339667458432304
1 0.6140939597315436 0.6128266033254157 0.05704697986577181 0.23990498812351546
1 0.6929530201342282 0.6140142517814727 0.06711409395973154 0.23990498812351546
1 0.787751677852349 0.6128266033254157 0.08557046979865772 0.23515439429928742
1 0.34815436241610737 0.8503562945368172 0.4412751677852349 0.12351543942992875
1 0.6157718120805369 0.8491686460807601 0.060402684563758385 0.12589073634204276
1 0.6904362416107382 0.8503562945368172 0.0587248322147651 0.12351543942992875
1 0.7919463087248322 0.8491686460807601 0.08053691275167785 0.12114014251781473
