0 0.017490161783996504 0.459765625 0.03235679930039353 0.9085937500000001
0 0.08242238740708352 0.459765625 0.080017490161784 0.9085937500000001
0 0.2396152164407521 0.45859375 0.21425448185395715 0.8953125000000001
0 0.40883253170091827 0.46132812500000003 0.07695671184958461 0.9164062500000001
0 0.5094009619588982 0.459765625 0.10319195452557936 0.91953125
0 0.6062527328377788 0.45742187500000003 0.07302142544818539 0.90390625
0 0.6792741582859642 0.45859375 0.06427634455618715 0.9109375000000001
0 0.7439877568867512 0.46406250000000004 0.04503716659379099 0.90625
0 0.8320944468736337 0.46875 0.11368605159597726 0.921875
0 0.940096195889812 0.509375 0.11630957586357674 0.9765625
