0 0.5 0.1490498812351544 0.7684563758389261 0.1460807600950119
0 0.5008389261744967 0.33847980997624705 0.7567114093959731 0.1330166270783848
0 0.5 0.4857482185273159 0.7583892617449665 0.07125890736342043
0 0.49748322147651003 0.6068883610451307 0.7634228187919463 0.07125890736342043
0 0.4966442953020134 0.6935866983372921 0.7583892617449665 0.06888361045130642
0 0.5016778523489933 0.7636579572446556 0.7583892617449665 0.06888361045130642
0 0.5016778523489933 0.8527315914489312 0.7550335570469798 0.07125890736342043
1 0.30453020134228187 0.1508313539192399 0.37416107382550334 0.14489311163895488
1 0.6937919463087249 0.1460807600950119 0.3674496644295302 0.14251781472684086
1 0.31040268456375836 0.33847980997624705 0.3657718120805369 0.1306413301662708
1 0.6946308724832214 0.33907363420427555 0.3657718120805369 0.13182897862232779
1 0.30956375838926176 0.48752969121140144 0.3640939597315436 0.07007125890736342
1 0.6937919463087249 0.48693586698337293 0.3640939597315436 0.07600950118764846
1 0.2105704697986577 0.6157957244655582 0.17953020134228187 0.048693586698337295
1 0.40184563758389263 0.6157957244655582 0.17953020134228187 0.053444180522565325
1 0.5947986577181208 0.6157957244655582 0.1761744966442953 0.04631828978622328
1 0.7869127516778524 0.6157957244655582 0.18456375838926173 0.048693586698337295
1 0.2105704697986577 0.7013064133016628 0.1761744966442953 0.05106888361045131
1 0.4035234899328859 0.7024940617577198 0.1761744966442953 0.048693586698337295
1 0.5880872483221476 0.7030878859857482 0.17953020134228187 0.04750593824228029
1 0.7827181208053691 0.7013064133016628 0.17953020134228187 0.04631828978622328
1 0.21392617449664428 0.7725653206650832 0.17281879194630873 0.05106888361045131
1 0.4001677852348993 0.7749406175771972 0.18288590604026844 0.048693586698337295
1 0.5973154362416108 0.7719714964370546 0.17785234899328858 0.04275534441805226
1 0.7902684563758389 0.7725653206650832 0.17785234899328858 0.04631828978622328
1 0.21476510067114093 0.8598574821852732 0.174496644295302 0.05463182897862233
1 0.401006711409396 0.8616389548693587 0.16778523489932887 0.048693586698337295
1 0.589765100671141 0.8598574821852732 0.18288590604026844 0.04750593824228029
1 0.7885906040268457 0.8634204275534442 0.18120805369127516 0.0498812351543943
