0 0.5050335570469798 0.5522565320665084 0.7315436241610738 0.2755344418052257
1 0.25838926174496646 0.5534441805225654 0.23825503355704697 0.2779097387173397
1 0.514261744966443 0.5558194774346794 0.23993288590604026 0.27315914489311166
1 0.7533557046979865 0.5546318289786224 0.22483221476510068 0.27315914489311166
1 0.44211409395973156 0.577790973871734 0.06879194630872483 0.22209026128266035
1 0.5260067114093959 0.5783847980997625 0.06879194630872483 0.22802850356294538
1 0.6006711409395973 0.578978622327791 0.053691275167785234 0.2292161520190024
1 0.6828859060402684 0.577790973871734 0.060402684563758385 0.2292161520190024
1 0.7575503355704698 0.5760095011876485 0.06543624161073826 0.22802850356294538
1 0.8338926174496644 0.5760095011876485 0.05704697986577181 0.22327790973871736
