0 0.4446308724832215 0.251187648456057 0.6644295302013423 0.3764845605700713
0 0.44546979865771813 0.6413301662707839 0.662751677852349 0.30403800475059384
1 0.13758389261744966 0.2529691211401425 0.04697986577181208 0.37292161520190026
1 0.20721476510067113 0.2494061757719715 0.0721476510067114 0.3657957244655582
1 0.3825503355704698 0.2482185273159145 0.2651006711409396 0.3681710213776722
1 0.5536912751677853 0.2505938242280285 0.0436241610738255 0.3681710213776722
1 0.6786912751677853 0.2505938242280285 0.18959731543624161 0.3681710213776722
1 0.14261744966442952 0.6407363420427554 0.040268456375838924 0.30522565320665085
1 0.21308724832214765 0.6365795724465558 0.08053691275167785 0.28741092636579574
1 0.39681208053691275 0.6318289786223278 0.26677852348993286 0.2826603325415677
1 0.5545302013422818 0.6425178147268409 0.03859060402684564 0.2945368171021378
1 0.6778523489932886 0.6431116389548693 0.1912751677852349 0.3028503562945368
