0 0.5 0.18764845605700714 0.8154362416107382 0.0997624703087886
0 0.4966442953020134 0.5285035629453682 0.8154362416107382 0.4584323040380048
1 0.2063758389261745 0.18764845605700714 0.22147651006711408 0.10213776722090262
1 0.39932885906040266 0.18705463182897863 0.14093959731543623 0.0985748218527316
1 0.5654362416107382 0.18942992874109266 0.1610738255033557 0.0985748218527316
1 0.712248322147651 0.18705463182897863 0.10906040268456375 0.09619952494061758
1 0.8380872483221476 0.18824228028503565 0.12248322147651007 0.09619952494061758
1 0.2575503355704698 0.5285035629453682 0.3271812080536913 0.4584323040380048
1 0.4874161073825503 0.5273159144893111 0.1023489932885906 0.4513064133016627
1 0.6040268456375839 0.5285035629453682 0.11409395973154363 0.4513064133016627
1 0.7214765100671141 0.5290973871733967 0.10067114093959731 0.4596199524940618
1 0.8414429530201342 0.5279097387173397 0.12248322147651007 0.45486935866983375
