0 0.5134228187919463 0.2292161520190024 0.7114093959731543 0.1995249406175772
0 0.5268456375838926 0.3776722090261283 0.7449664429530202 0.06888361045130642
0 0.5251677852348993 0.6068883610451307 0.7483221476510067 0.20665083135391926
1 0.2273489932885906 0.2292161520190024 0.13590604026845637 0.19477434679334918
1 0.47063758389261745 0.22743467933491687 0.3238255033557047 0.19358669833729217
1 0.7516778523489933 0.2304038004750594 0.21476510067114093 0.19239904988123516
1 0.45385906040268453 0.3758907363420428 0.5822147651006712 0.06294536817102138
1 0.8246644295302014 0.3770783847980998 0.12248322147651007 0.06294536817102138
1 0.4488255033557047 0.6068883610451307 0.5822147651006712 0.1995249406175772
1 0.8213087248322147 0.6068883610451307 0.1325503355704698 0.1995249406175772
