0 0.10955986748698533 0.10764872521246459 0.20681495504022715 0.19830028328611898
0 0.2806436346426881 0.10339943342776205 0.09749171793658305 0.19830028328611898
0 0.3816848083293895 0.10552407932011332 0.07903454803596782 0.19405099150141644
0 0.49526739233317557 0.10339943342776205 0.12636062470421203 0.19830028328611898
0 0.6254141031708471 0.10552407932011332 0.10269758637008991 0.19405099150141644
0 0.7647893989588262 0.10127478753541078 0.14197823000473261 0.19405099150141644
0 0.9228584950307619 0.10552407932011332 0.14197823000473261 0.19405099150141644
0 0.03928064363464269 0.5991501416430595 0.07856128726928538 0.7932011331444759
0 0.3161381921438713 0.6083569405099151 0.4495977283483199 0.78328611898017
0 0.5868433506862281 0.6041076487252125 0.05679129200189304 0.8031161473087819
0 0.7200662565073355 0.5991501416430595 0.0676762896355892 0.8130311614730878
0 0.8239469947941316 0.6041076487252125 0.08991954566966398 0.8031161473087819
0 0.940132513014671 0.5991501416430595 0.10743019403691434 0.8016997167138811
