0 0.046740467404674045 0.5017985611510791 0.08610086100861009 0.9820143884892086
0 0.1709717097170972 0.5017985611510791 0.07380073800738007 0.9820143884892086
0 0.25461254612546125 0.5017985611510791 0.0885608856088561 0.9820143884892086
0 0.3462484624846249 0.5017985611510791 0.08241082410824109 0.9748201438848921
0 0.4440344403444035 0.5053956834532375 0.10086100861008611 0.9748201438848921
0 0.5375153751537516 0.4982014388489209 0.07872078720787208 0.9748201438848921
0 0.6359163591635917 0.5 0.1033210332103321 0.9712230215827339
0 0.7423124231242313 0.5035971223021583 0.0996309963099631 0.9784172661870504
0 0.8480934809348094 0.5017985611510791 0.0897908979089791 0.9748201438848921
0 0.944649446494465 0.5017985611510791 0.0959409594095941 0.9820143884892086
