0 0.4949664429530201 0.13539192399049882 0.8456375838926175 0.10451306413301663
0 0.4966442953020134 0.4845605700712589 0.848993288590604 0.5320665083135392
1 0.11493288590604027 0.12589073634204276 0.07550335570469799 0.08551068883610452
1 0.35151006711409394 0.1300475059382423 0.3674496644295302 0.08669833729216152
1 0.6451342281879194 0.1306413301662708 0.16946308724832215 0.08551068883610452
1 0.7818791946308725 0.12885985748218529 0.08053691275167785 0.0819477434679335
1 0.8758389261744967 0.12885985748218529 0.07046979865771812 0.08669833729216152
1 0.09731543624161074 0.4798099762470309 0.03355704697986577 0.5249406175771971
1 0.3238255033557047 0.4833729216152019 0.3825503355704698 0.5249406175771971
1 0.6241610738255033 0.48040380047505943 0.17785234899328858 0.5237529691211401
1 0.7751677852348993 0.4815914489311164 0.09395973154362416 0.5261282660332541
1 0.8775167785234899 0.4821852731591449 0.07046979865771812 0.5273159144893111
