0 0.5016778523489933 0.38895486935866985 0.7651006711409396 0.4168646080760095
0 0.49748322147651003 0.7541567695961996 0.7701342281879194 0.2589073634204276
1 0.19966442953020133 0.38657957244655583 0.15436241610738255 0.42161520190023755
1 0.3565436241610738 0.38954869358669836 0.11577181208053691 0.42042755344418054
1 0.4798657718120805 0.38895486935866985 0.09395973154362416 0.4144893111638955
1 0.610738255033557 0.38895486935866985 0.1442953020134228 0.4121140142517815
1 0.7869127516778524 0.38954869358669836 0.174496644295302 0.42042755344418054
1 0.1761744966442953 0.754750593824228 0.10738255033557047 0.2505938242280285
1 0.32130872483221473 0.7529691211401426 0.15604026845637584 0.25415676959619954
1 0.4639261744966443 0.7541567695961996 0.1023489932885906 0.25653206650831356
1 0.6023489932885906 0.7529691211401426 0.15771812080536912 0.25653206650831356
1 0.787751677852349 0.7541567695961996 0.1929530201342282 0.2517814726840855
