0 0.4831932773109244 0.25475059382422804 0.8621848739495799 0.13895486935866985
0 0.48571428571428577 0.4429928741092637 0.8605042016806723 0.08076009501187649
1 0.10168067226890756 0.25534441805225655 0.08235294117647059 0.13776722090261284
1 0.2747899159663866 0.252375296912114 0.24705882352941178 0.13657957244655583
1 0.4613445378151261 0.25356294536817103 0.08571428571428572 0.13182897862232779
1 0.719327731092437 0.25475059382422804 0.4 0.1342042755344418
1 0.10504201680672269 0.4423990498812352 0.08235294117647059 0.07482185273159145
1 0.2781512605042017 0.4435866983372922 0.24369747899159666 0.07007125890736342
1 0.4613445378151261 0.4447743467933492 0.0957983193277311 0.07007125890736342
1 0.7134453781512605 0.4423990498812352 0.3915966386554622 0.07719714964370547
