0 0.5436241610738255 0.4447743467933492 0.7885906040268457 0.7589073634204276
0 0.5436241610738255 0.8764845605700713 0.7919463087248322 0.05938242280285036
1 0.17785234899328858 0.4459619952494062 0.040268456375838924 0.7565320665083136
1 0.34395973154362414 0.4423990498812352 0.2684563758389262 0.7541567695961996
1 0.6015100671140939 0.4483372921615202 0.22986577181208054 0.7565320665083136
1 0.8330536912751678 0.4435866983372922 0.19966442953020133 0.7541567695961996
1 0.17365771812080535 0.8782660332541569 0.04194630872483222 0.05819477434679335
1 0.33640939597315433 0.8782660332541569 0.27348993288590606 0.05581947743467934
1 0.7139261744966443 0.8794536817102138 0.4546979865771812 0.05819477434679335
1 0.6023489932885906 0.8877672209026128 0.21476510067114093 0.04156769596199525
1 0.8288590604026845 0.8871733966745844 0.2046979865771812 0.0332541567695962
