0 0.012445414847161572 0.5008333333333334 0.027510917030567687 0.9750000000000001
0 0.07270742358078602 0.4995833333333334 0.08165938864628822 0.9891666666666667
0 0.23951965065502184 0.49541666666666667 0.23711790393013102 0.9808333333333334
0 0.4017467248908297 0.49250000000000005 0.06986899563318777 0.9750000000000001
0 0.5080786026200873 0.49583333333333335 0.11921397379912664 0.9750000000000001
0 0.6026200873362445 0.49125 0.061135371179039305 0.9775
0 0.6746724890829694 0.49833333333333335 0.059388646288209605 0.9866666666666667
0 0.738646288209607 0.4970833333333334 0.053711790393013104 0.9725
0 0.8253275109170306 0.48875 0.10480349344978167 0.9775
0 0.9395196506550219 0.49250000000000005 0.11484716157205241 0.9750000000000001
