0 0.49836601307189543 0.530618686868687 0.8496732026143791 0.15467171717171718
1 0.18974673202614378 0.530618686868687 0.2218137254901961 0.14835858585858588
1 0.35866013071895425 0.53125 0.07761437908496732 0.14962121212121213
1 0.4362745098039216 0.533459595959596 0.058823529411764705 0.15151515151515152
1 0.5118464052287582 0.5321969696969697 0.057189542483660136 0.15151515151515152
1 0.5786356209150327 0.530618686868687 0.06004901960784314 0.14835858585858588
1 0.6466503267973857 0.5301452020202021 0.05473856209150327 0.14930555555555558
1 0.7236519607843137 0.532354797979798 0.07475490196078431 0.1537247474747475
1 0.8051470588235294 0.530618686868687 0.06127450980392157 0.15467171717171718
1 0.880718954248366 0.5291982323232324 0.07352941176470588 0.14930555555555558
