0 0.5327181208053691 0.5973871733966746 0.8473154362416108 0.4750593824228029
1 0.13926174496644295 0.5956057007125891 0.053691275167785234 0.4762470308788599
1 0.21308724832214765 0.5967933491686461 0.053691275167785234 0.47149643705463185
1 0.2919463087248322 0.5967933491686461 0.06375838926174497 0.47387173396674587
1 0.375 0.5973871733966746 0.06879194630872483 0.4750593824228029
1 0.44546979865771813 0.5956057007125891 0.04194630872483222 0.4762470308788599
1 0.5067114093959731 0.5985748218527316 0.040268456375838924 0.47268408551068886
1 0.5830536912751678 0.5979809976247031 0.0721476510067114 0.47387173396674587
1 0.6711409395973155 0.5991686460807601 0.06711409395973154 0.47387173396674587
1 0.7550335570469798 0.5979809976247031 0.06375838926174497 0.4762470308788599
1 0.8313758389261745 0.5973871733966746 0.05201342281879195 0.47030878859857483
1 0.9093959731543624 0.5985748218527316 0.06375838926174497 0.4750593824228029
