0 0.7718545751633987 0.11884469696969698 0.36478758169934644 0.14299242424242425
0 0.491421568627451 0.5069444444444445 0.9150326797385622 0.3345959595959596
1 0.6568627450980392 0.11553030303030304 0.11029411764705882 0.1325757575757576
1 0.8229166666666667 0.12405303030303032 0.14011437908496732 0.1388888888888889
1 0.07618464052287582 0.5064709595959597 0.07066993464052287 0.329229797979798
1 0.16196895424836602 0.5091540404040404 0.08455882352941177 0.3238636363636364
1 0.3014705882352941 0.5091540404040404 0.1650326797385621 0.3301767676767677
1 0.5669934640522876 0.5086805555555556 0.33905228758169936 0.329229797979798
1 0.7916666666666667 0.5086805555555556 0.09640522875816994 0.3273358585858586
1 0.8978758169934641 0.5086805555555556 0.09150326797385622 0.3273358585858586
