0 0.5 0.5380047505938242 0.8087248322147651 0.5771971496437055
1 0.11493288590604027 0.4144893111638955 0.03523489932885906 0.21140142517814728
1 0.3859060402684564 0.415083135391924 0.47651006711409394 0.21021377672209027
1 0.677013422818792 0.4144893111638955 0.0721476510067114 0.21140142517814728
1 0.764261744966443 0.416270783847981 0.0721476510067114 0.2149643705463183
1 0.8557046979865771 0.415083135391924 0.0738255033557047 0.21021377672209027
1 0.36661073825503354 0.7161520190023754 0.5184563758389261 0.21852731591448932
1 0.6761744966442953 0.7143705463182898 0.07046979865771812 0.22209026128266035
1 0.7634228187919463 0.7149643705463183 0.0738255033557047 0.21852731591448932
1 0.8573825503355704 0.7161520190023754 0.08053691275167785 0.21852731591448932
