0 0.5016778523489933 0.07541567695961995 0.8120805369127516 0.04156769596199525
0 0.50251677852349 0.33788598574821854 0.8137583892617449 0.3859857482185273
0 0.5 0.6799287410926366 0.8120805369127516 0.09144893111638955
1 0.33808724832214765 0.07363420427553445 0.4714765100671141 0.040380047505938245
1 0.6619127516778524 0.07541567695961995 0.15268456375838926 0.039192399049881234
1 0.8263422818791946 0.07541567695961995 0.1493288590604027 0.036817102137767226
1 0.23993288590604026 0.33847980997624705 0.2885906040268456 0.3847980997624703
1 0.45553691275167785 0.33966745843230406 0.11912751677852348 0.3847980997624703
1 0.5822147651006712 0.34026128266033256 0.1040268456375839 0.38836104513064135
1 0.7063758389261745 0.33669833729216153 0.12080536912751677 0.3788598574821853
1 0.8406040268456376 0.33907363420427555 0.12080536912751677 0.3836104513064133
1 0.16442953020134227 0.6805225653206651 0.1174496644295302 0.08788598574821853
1 0.2953020134228188 0.6793349168646081 0.11409395973154363 0.08551068883610452
1 0.4135906040268456 0.6781472684085511 0.09563758389261745 0.08788598574821853
1 0.5327181208053691 0.6781472684085511 0.11241610738255034 0.09026128266033255
1 0.6703020134228188 0.6799287410926366 0.1459731543624161 0.09144893111638955
1 0.8280201342281879 0.6781472684085511 0.1493288590604027 0.09026128266033255
