0 0.4893790849673203 0.5317234848484849 0.829248366013072 0.8153409090909092
1 0.09375 0.5285669191919192 0.0298202614379085 0.8071338383838385
1 0.1497140522875817 0.530618686868687 0.0625 0.8049242424242425
1 0.22937091503267976 0.5301452020202021 0.08047385620915033 0.8058712121212122
1 0.3184232026143791 0.5301452020202021 0.07883986928104575 0.8121843434343435
1 0.4348447712418301 0.530618686868687 0.13194444444444445 0.8049242424242425
1 0.5533088235294118 0.5317234848484849 0.07230392156862746 0.8071338383838385
1 0.6507352941176471 0.5291982323232324 0.07107843137254902 0.8039772727272728
1 0.7563316993464052 0.5291982323232324 0.07475490196078431 0.8039772727272728
1 0.869281045751634 0.5318813131313131 0.06127450980392157 0.8049242424242425
