0 0.5310402684563759 0.2814726840855107 0.7164429530201342 0.334916864608076
0 0.5100671140939598 0.6098574821852731 0.761744966442953 0.15320665083135393
0 0.5109060402684563 0.8188836104513064 0.7634228187919463 0.14845605700712589
1 0.21644295302013422 0.2820665083135392 0.09060402684563758 0.328978622327791
1 0.3397651006711409 0.2808788598574822 0.06879194630872483 0.326603325415677
1 0.4395973154362416 0.2814726840855107 0.0738255033557047 0.327790973871734
1 0.5444630872483222 0.2826603325415677 0.06208053691275168 0.327790973871734
1 0.6333892617449665 0.2838479809976247 0.06208053691275168 0.327790973871734
1 0.735738255033557 0.2814726840855107 0.06879194630872483 0.33016627078384797
1 0.8389261744966443 0.2808788598574822 0.07046979865771812 0.328978622327791
1 0.23573825503355705 0.6086698337292161 0.21308724832214765 0.1508313539192399
1 0.6291946308724832 0.6074821852731592 0.5067114093959731 0.15558194774346795
1 0.24328859060402683 0.820665083135392 0.22147651006711408 0.1496437054631829
1 0.6325503355704698 0.8212589073634204 0.5100671140939598 0.14133016627078385
