0 0.07607497243660419 0.502008032128514 0.14553472987872107 0.9799196787148593
0 0.2557883131201764 0.502008032128514 0.20727673649393605 0.9799196787148593
0 0.3869900771775083 0.502008032128514 0.04410143329658214 0.9799196787148593
0 0.4338478500551268 0.502008032128514 0.04299889746416759 0.9799196787148593
0 0.480154355016538 0.502008032128514 0.04299889746416759 0.9799196787148593
0 0.5242557883131201 0.502008032128514 0.04299889746416759 0.9799196787148593
0 0.5705622932745315 0.502008032128514 0.04299889746416759 0.9799196787148593
0 0.6168687982359427 0.502008032128514 0.04299889746416759 0.9799196787148593
0 0.6642778390297684 0.502008032128514 0.04299889746416759 0.9799196787148593
0 0.7083792723263507 0.502008032128514 0.04299889746416759 0.9799196787148593
0 0.7502756339581037 0.502008032128514 0.03638368246968027 0.9799196787148593
0 0.7943770672546858 0.502008032128514 0.03638368246968027 0.9799196787148593
0 0.8384785005512679 0.502008032128514 0.03638368246968027 0.9799196787148593
0 0.88257993384785 0.502008032128514 0.03638368246968027 0.9799196787148593
0 0.9310915104740904 0.502008032128514 0.03638368246968027 0.9799196787148593
0 0.9729878721058435 0.502008032128514 0.03638368246968027 0.9799196787148593
