0 0.05840286054827175 0.5021645021645021 0.09773539928486293 0.9264069264069265
0 0.15077473182359952 0.5 0.07508939213349225 0.922077922077922
0 0.22943980929678187 0.5064935064935064 0.06555423122765196 0.9264069264069265
0 0.3039332538736591 0.49134199134199136 0.07389749702026222 0.922077922077922
0 0.38617401668653156 0.5 0.07389749702026222 0.922077922077922
0 0.4707985697258641 0.487012987012987 0.07389749702026222 0.922077922077922
0 0.5548271752085816 0.5 0.08224076281287246 0.922077922077922
0 0.6477949940405244 0.5 0.08224076281287246 0.922077922077922
0 0.7383790226460071 0.5 0.08224076281287246 0.922077922077922
0 0.8325387365911799 0.5086580086580087 0.08224076281287246 0.922077922077922
0 0.9320619785458879 0.5 0.09773539928486293 0.922077922077922
