0 0.4948937908496732 0.5254103535353536 0.8321078431372549 0.8027146464646465
1 0.0959967320261438 0.42913510101010105 0.028594771241830068 0.6101641414141414
1 0.1497140522875817 0.4296085858585859 0.06004901960784314 0.6029040404040404
1 0.23059640522875818 0.4281881313131313 0.08292483660130719 0.6019570707070707
1 0.3192401960784314 0.4281881313131313 0.07475490196078431 0.6038510101010102
1 0.43913398692810457 0.4266098484848485 0.14297385620915032 0.5943813131313131
1 0.5573937908496732 0.4281881313131313 0.06413398692810458 0.6019570707070707
1 0.6521650326797386 0.430239898989899 0.0625 0.6060606060606061
1 0.7493872549019608 0.43292297979797983 0.07230392156862746 0.6133207070707071
1 0.8725490196078431 0.4607007575757576 0.06535947712418301 0.6714015151515152
1 0.2020016339869281 0.8658459595959597 0.23815359477124184 0.11363636363636365
1 0.8678513071895425 0.8678977272727273 0.07230392156862746 0.10953282828282829
