0 0.5008389261744967 0.26365795724465557 0.8305369127516778 0.332541567695962
0 0.5159395973154363 0.7268408551068883 0.7030201342281879 0.17814726840855108
1 0.12332214765100671 0.26365795724465557 0.05536912751677852 0.33016627078384797
1 0.32466442953020136 0.2642517814726841 0.313758389261745 0.331353919239905
1 0.5167785234899329 0.2654394299287411 0.03691275167785235 0.328978622327791
1 0.5679530201342282 0.26247030878859856 0.03523489932885906 0.33016627078384797
1 0.6191275167785235 0.26365795724465557 0.03355704697986577 0.33016627078384797
1 0.6686241610738255 0.26306413301662707 0.03859060402684564 0.331353919239905
1 0.7273489932885906 0.26365795724465557 0.04530201342281879 0.33016627078384797
1 0.7869127516778524 0.26365795724465557 0.03691275167785235 0.33016627078384797
1 0.8389261744966443 0.26365795724465557 0.03691275167785235 0.33016627078384797
1 0.8926174496644295 0.2642517814726841 0.03691275167785235 0.328978622327791
1 0.18540268456375839 0.7256532066508314 0.028523489932885907 0.17814726840855108
1 0.3062080536912752 0.7268408551068883 0.16946308724832215 0.17814726840855108
1 0.45385906040268453 0.7274346793349169 0.08892617449664429 0.1793349168646081
1 0.5578859060402684 0.7268408551068883 0.08557046979865772 0.17814726840855108
1 0.7365771812080537 0.7280285035629454 0.23825503355704697 0.1805225653206651
