0 0.5016778523489933 0.24881235154394302 0.6543624161073825 0.10807600950118765
0 0.5067114093959731 0.46377672209026133 0.3389261744966443 0.2007125890736342
0 0.5016778523489933 0.6799287410926366 0.36912751677852346 0.09382422802850357
0 0.5016778523489933 0.7529691211401426 0.3624161073825503 0.035629453681710214
1 0.3959731543624161 0.251187648456057 0.43288590604026844 0.10332541567695963
1 0.7223154362416108 0.247624703087886 0.18959731543624161 0.10332541567695963
1 0.42197986577181207 0.4625890736342043 0.18959731543624161 0.1959619952494062
1 0.5956375838926175 0.4655581947743468 0.13758389261744966 0.1995249406175772
1 0.4286912751677852 0.6793349168646081 0.2063758389261745 0.09263657957244656
1 0.6073825503355704 0.6757719714964371 0.1174496644295302 0.09263657957244656
1 0.42785234899328856 0.754750593824228 0.21476510067114093 0.03444180522565321
1 0.6132550335570469 0.7517814726840856 0.12583892617449663 0.028503562945368172
