0 0.7814542483660131 0.8768939393939394 0.3758169934640523 0.15467171717171718
0 0.4899918300653595 0.46385732323232326 0.926062091503268 0.3071338383838384
0 0.7732843137254902 0.15719696969696972 0.40604575163398693 0.13383838383838384
1 0.6691176470588236 0.15782828282828285 0.18382352941176472 0.12626262626262627
1 0.8768382352941176 0.15625 0.18504901960784315 0.12310606060606062
1 0.06944444444444445 0.4633838383838384 0.07352941176470588 0.2998737373737374
1 0.15706699346405228 0.46496212121212127 0.08292483660130719 0.30303030303030304
1 0.2673611111111111 0.46401515151515155 0.1156045751633987 0.30303030303030304
1 0.3817401960784314 0.46227904040404044 0.05841503267973856 0.29766414141414144
1 0.49611928104575165 0.46385732323232326 0.1213235294117647 0.30082070707070707
1 0.6045751633986929 0.46385732323232326 0.07352941176470588 0.30082070707070707
1 0.6962826797385621 0.46385732323232326 0.08292483660130719 0.2945075757575758
1 0.8080065359477124 0.46401515151515155 0.11029411764705882 0.29671717171717177
1 0.9109477124183006 0.4643308080808081 0.07352941176470588 0.2998737373737374
1 0.6889297385620915 0.8768939393939394 0.17687908496732027 0.14835858585858588
1 0.880718954248366 0.8784722222222223 0.16339869281045752 0.14520202020202022
