0 0.5008389261744967 0.7446555819477435 0.7332214765100671 0.2779097387173397
0 0.4966442953020134 0.17577197149643706 0.7953020134228188 0.14014251781472684
1 0.13758389261744966 0.17458432304038005 0.05704697986577181 0.14014251781472684
1 0.24664429530201343 0.17517814726840855 0.12416107382550336 0.14133016627078385
1 0.38674496644295303 0.17517814726840855 0.12248322147651007 0.13657957244655583
1 0.5318791946308725 0.17577197149643706 0.12751677852348994 0.14014251781472684
1 0.6786912751677853 0.17517814726840855 0.12919463087248323 0.14133016627078385
1 0.8204697986577181 0.17695961995249407 0.12751677852348994 0.14251781472684086
1 0.1568791946308725 0.744061757719715 0.03523489932885906 0.2767220902612827
1 0.41946308724832215 0.7458432304038005 0.4597315436241611 0.2755344418052257
1 0.7248322147651006 0.745249406175772 0.1174496644295302 0.2767220902612827
1 0.8322147651006712 0.7434679334916865 0.06375838926174497 0.2755344418052257
