0 0.04350490196078431 0.4987745098039216 0.07965686274509803 0.9828431372549019
0 0.1446078431372549 0.5012254901960784 0.11274509803921569 0.9877450980392156
0 0.25735294117647056 0.4987745098039216 0.1053921568627451 0.9828431372549019
0 0.3596813725490196 0.4963235294117647 0.08700980392156862 0.9779411764705882
0 0.446078431372549 0.4987745098039216 0.0784313725490196 0.9828431372549019
0 0.522671568627451 0.5012254901960784 0.06495098039215687 0.9877450980392156
0 0.5925245098039216 0.5012254901960784 0.06495098039215687 0.9877450980392156
0 0.6819852941176471 0.5012254901960784 0.10416666666666667 0.9877450980392156
0 0.7965686274509803 0.5012254901960784 0.11519607843137254 0.9877450980392156
0 0.9252450980392156 0.5012254901960784 0.12990196078431374 0.9877450980392156
