0 0.14384615384615385 0.47761194029850745 0.26615384615384613 0.8059701492537313
0 0.31076923076923074 0.47761194029850745 0.055384615384615386 0.8059701492537313
0 0.37538461538461537 0.4925373134328358 0.055384615384615386 0.8059701492537313
0 0.4492307692307692 0.4925373134328358 0.055384615384615386 0.8059701492537313
0 0.52 0.47761194029850745 0.055384615384615386 0.8059701492537313
0 0.5876923076923077 0.4626865671641791 0.055384615384615386 0.8059701492537313
0 0.6569230769230769 0.4626865671641791 0.055384615384615386 0.8059701492537313
0 0.7276923076923076 0.4925373134328358 0.055384615384615386 0.8059701492537313
0 0.8015384615384615 0.47761194029850745 0.055384615384615386 0.8059701492537313
0 0.8738461538461538 0.4925373134328358 0.055384615384615386 0.8059701492537313
0 0.95 0.5 0.06 0.7910447761194029
