0 0.5360738255033557 0.43764845605700714 0.7634228187919463 0.11282660332541568
0 0.5151006711409396 0.7695961995249406 0.7248322147651006 0.1805225653206651
1 0.36912751677852346 0.43764845605700714 0.4093959731543624 0.11282660332541568
1 0.6384228187919463 0.4412114014251782 0.09228187919463086 0.10807600950118765
1 0.7508389261744967 0.4418052256532067 0.09899328859060402 0.11163895486935868
1 0.8640939597315436 0.44002375296912116 0.09395973154362416 0.11045130641330167
1 0.337248322147651 0.7713776722090262 0.348993288590604 0.17458432304038005
1 0.5830536912751678 0.7719714964370546 0.09228187919463086 0.17577197149643706
1 0.6937919463087249 0.7719714964370546 0.09563758389261745 0.17814726840855108
1 0.8137583892617449 0.7713776722090262 0.11409395973154363 0.17458432304038005
