0 0.5005882352941177 0.23575757575757575 0.7164705882352941 0.12242424242424242
0 0.4972549019607843 0.41106060606060607 0.72 0.1596969696969697
0 0.5025490196078432 0.7186363636363636 0.720392156862745 0.37666666666666665
1 0.26313725490196077 0.2362121212121212 0.22352941176470587 0.11303030303030304
1 0.4972549019607843 0.2353030303030303 0.2156862745098039 0.1112121212121212
1 0.7358823529411764 0.23636363636363636 0.23254901960784313 0.10909090909090909
1 0.23588235294117646 0.408030303030303 0.18156862745098037 0.14757575757575758
1 0.39784313725490195 0.41045454545454546 0.1188235294117647 0.14636363636363636
1 0.5292156862745098 0.4115151515151515 0.1203921568627451 0.1503030303030303
1 0.6605882352941176 0.41106060606060607 0.11647058823529412 0.14939393939393938
1 0.7925490196078431 0.4121212121212121 0.12156862745098039 0.15151515151515152
1 0.20450980392156862 0.7195454545454546 0.11098039215686274 0.3687878787878788
1 0.322156862745098 0.7175757575757575 0.10862745098039216 0.36848484848484847
1 0.44313725490196076 0.7216666666666667 0.10980392156862745 0.3687878787878788
1 0.5619607843137254 0.7165151515151515 0.11215686274509803 0.36272727272727273
1 0.6854901960784313 0.7160606060606061 0.11607843137254902 0.36787878787878786
1 0.8045098039215686 0.7171212121212122 0.1007843137254902 0.36757575757575756
