0 0.5318791946308725 0.2844418052256532 0.8456375838926175 0.1793349168646081
0 0.535234899328859 0.4792161520190024 0.848993288590604 0.13895486935866985
0 0.5318791946308725 0.7256532066508314 0.8523489932885906 0.28028503562945367
1 0.26677852348993286 0.2844418052256532 0.30201342281879195 0.17220902612826605
1 0.6887583892617449 0.2844418052256532 0.5184563758389261 0.17458432304038005
1 0.13674496644295303 0.48099762470308793 0.05536912751677852 0.13776722090261284
1 0.25083892617449666 0.48040380047505943 0.15604026845637584 0.13895486935866985
1 0.4639261744966443 0.4792161520190024 0.25 0.13657957244655583
1 0.671979865771812 0.4821852731591449 0.13926174496644295 0.13776722090261284
1 0.7936241610738255 0.4815914489311164 0.07718120805369127 0.13657957244655583
1 0.8984899328859061 0.4792161520190024 0.11241610738255034 0.13657957244655583
1 0.14261744966442952 0.7250593824228029 0.060402684563758385 0.27909738717339666
1 0.2835570469798658 0.7268408551068883 0.20134228187919462 0.27315914489311166
1 0.4848993288590604 0.7250593824228029 0.18456375838926173 0.2767220902612827
1 0.6342281879194631 0.7482185273159145 0.09060402684563758 0.22565320665083136
1 0.7449664429530202 0.7482185273159145 0.09395973154362416 0.22090261282660334
1 0.8766778523489933 0.7250593824228029 0.1493288590604027 0.2695961995249406
