0 0.4983221476510067 0.3776722090261283 0.6879194630872483 0.5771971496437055
0 0.5 0.8271971496437055 0.8120805369127516 0.1983372921615202
1 0.21392617449664428 0.3788598574821853 0.10906040268456375 0.5771971496437055
1 0.43791946308724833 0.3776722090261283 0.31208053691275167 0.5748218527315915
1 0.6661073825503355 0.3788598574821853 0.1174496644295302 0.5724465558194775
1 0.7869127516778524 0.3770783847980998 0.09395973154362416 0.5760095011876485
1 0.1459731543624161 0.8283847980997625 0.1040268456375839 0.1983372921615202
1 0.23993288590604026 0.827790973871734 0.050335570469798654 0.19477434679334918
1 0.3397651006711409 0.828978622327791 0.12919463087248323 0.1971496437054632
1 0.5 0.8248218527315915 0.16442953020134227 0.19358669833729217
1 0.6610738255033557 0.828978622327791 0.13758389261744966 0.1995249406175772
1 0.8221476510067114 0.8295724465558195 0.15771812080536912 0.1959619952494062
