0 0.7316176470588236 0.08775252525252526 0.4207516339869281 0.06186868686868687
0 0.502859477124183 0.3882575757575758 0.9027777777777778 0.25883838383838387
1 0.590890522875817 0.1057449494949495 0.06821895424836602 0.015782828282828284
1 0.5759803921568628 0.08680555555555557 0.09803921568627451 0.05366161616161617
1 0.7126225490196079 0.0893308080808081 0.1621732026143791 0.0523989898989899
1 0.869281045751634 0.0893308080808081 0.13725490196078433 0.0523989898989899
1 0.12030228758169935 0.37910353535353536 0.13194444444444445 0.23042929292929296
1 0.25980392156862747 0.37768308080808083 0.13071895424836602 0.23137626262626265
1 0.39889705882352944 0.38020833333333337 0.12785947712418302 0.2326388888888889
1 0.5471813725490197 0.37705176767676774 0.15808823529411764 0.228219696969697
1 0.6962826797385621 0.3797348484848485 0.1294934640522876 0.2316919191919192
1 0.8073937908496732 0.37910353535353536 0.07066993464052287 0.22411616161616163
1 0.9019607843137255 0.376104797979798 0.10212418300653595 0.2263257575757576
