0 0.5112336601307189 0.6284722222222223 0.8892973856209151 0.5271464646464646
0 0.5022467320261438 0.3265467171717172 0.8876633986928105 0.05587121212121213
1 0.1503267973856209 0.32670454545454547 0.17565359477124184 0.05366161616161617
1 0.36478758169934644 0.3282828282828283 0.23937908496732027 0.05050505050505051
1 0.5868055555555556 0.3276515151515152 0.19321895424836602 0.047348484848484855
1 0.8147467320261438 0.3276515151515152 0.24387254901960784 0.045454545454545456
1 0.1039624183006536 0.6286300505050506 0.06658496732026144 0.5230429292929294
1 0.3233251633986928 0.6291035353535354 0.3525326797385621 0.5176767676767677
1 0.5643382352941176 0.6270517676767677 0.1156045751633987 0.5217803030303031
1 0.7120098039215687 0.6270517676767677 0.16339869281045752 0.5217803030303031
1 0.8745915032679739 0.6275252525252526 0.15114379084967322 0.5227272727272728
