0 0.05555555555555555 0.5049019607843137 0.10317460317460317 0.9509803921568627
0 0.1554232804232804 0.5049019607843137 0.08333333333333333 0.9509803921568627
0 0.24537037037037035 0.5 0.08333333333333333 0.9705882352941176
0 0.3333333333333333 0.4926470588235294 0.08465608465608465 0.9558823529411764
0 0.4219576719576719 0.4926470588235294 0.08465608465608465 0.9558823529411764
0 0.5105820105820106 0.4877450980392157 0.082010582010582 0.946078431372549
0 0.5965608465608465 0.4852941176470588 0.082010582010582 0.9411764705882353
0 0.6838624338624338 0.4852941176470588 0.082010582010582 0.9411764705882353
0 0.7738095238095237 0.4803921568627451 0.082010582010582 0.9313725490196079
0 0.861111111111111 0.48284313725490197 0.082010582010582 0.9362745098039216
0 0.951058201058201 0.4803921568627451 0.082010582010582 0.9313725490196079
