0 0.5335570469798657 0.6258907363420427 0.697986577181208 0.07600950118764846
0 0.5016778523489933 0.3919239904988124 0.40268456375838924 0.052256532066508314
0 0.5343959731543624 0.2339667458432304 0.7030201342281879 0.12351543942992875
1 0.2651006711409396 0.2304038004750594 0.1476510067114094 0.12589073634204276
1 0.4085570469798658 0.24109263657957244 0.10906040268456375 0.10926365795724466
1 0.535234899328859 0.24287410926365796 0.12416107382550336 0.0985748218527316
1 0.6753355704697986 0.24406175771971497 0.11577181208053691 0.10570071258907364
1 0.8087248322147651 0.24287410926365796 0.12416107382550336 0.10332541567695963
1 0.3699664429530201 0.3913301662707839 0.13926174496644295 0.05106888361045131
1 0.48573825503355705 0.3931116389548694 0.06543624161073826 0.0498812351543943
1 0.610738255033557 0.3925178147268409 0.15436241610738255 0.05106888361045131
1 0.29446308724832215 0.6270783847980997 0.2063758389261745 0.0665083135391924
1 0.5234899328859061 0.6258907363420427 0.2181208053691275 0.07363420427553445
1 0.7609060402684563 0.6276722090261283 0.22986577181208054 0.06769596199524941
