0 0.8018790849673203 0.7727272727272728 0.33251633986928103 0.07891414141414142
0 0.5555555555555556 0.3366477272727273 0.8251633986928105 0.05460858585858586
0 0.5559640522875817 0.5154671717171717 0.8455882352941176 0.22095959595959597
1 0.7242647058823529 0.772253787878788 0.1715686274509804 0.0735479797979798
1 0.9068627450980392 0.773358585858586 0.10620915032679738 0.07575757575757576
1 0.21364379084967322 0.337594696969697 0.1388888888888889 0.05271464646464647
1 0.3946078431372549 0.3366477272727273 0.14705882352941177 0.05460858585858586
1 0.6507352941176471 0.3366477272727273 0.13071895424836602 0.05460858585858586
1 0.8284313725490197 0.33601641414141414 0.11029411764705882 0.05587121212121213
1 0.16115196078431374 0.5145202020202021 0.0559640522875817 0.22095959595959597
1 0.2734885620915033 0.5154671717171717 0.14991830065359477 0.22285353535353536
1 0.45996732026143794 0.5154671717171717 0.2042483660130719 0.21654040404040406
1 0.5996732026143791 0.5159406565656566 0.06372549019607843 0.22190656565656566
1 0.6589052287581699 0.5164141414141414 0.03839869281045752 0.22095959595959597
1 0.7248774509803921 0.5159406565656566 0.07475490196078431 0.22001262626262627
1 0.803921568627451 0.5145202020202021 0.06372549019607843 0.22095959595959597
1 0.8803104575163399 0.5159406565656566 0.07761437908496732 0.22190656565656566
1 0.9522058823529412 0.5170454545454546 0.05310457516339869 0.21969696969696972
