0 0.5385906040268457 0.08491686460807601 0.8120805369127516 0.07007125890736342
0 0.5243288590604027 0.5237529691211401 0.837248322147651 0.19002375296912116
1 0.2533557046979866 0.0831353919239905 0.22818791946308725 0.0665083135391924
1 0.5041946308724832 0.08491686460807601 0.22986577181208054 0.06769596199524941
1 0.7072147651006712 0.08551068883610452 0.1325503355704698 0.06888361045130642
1 0.860738255033557 0.08551068883610452 0.1442953020134228 0.06888361045130642
1 0.15855704697986578 0.5326603325415677 0.08892617449664429 0.16983372921615203
1 0.26426174496644295 0.5356294536817102 0.07885906040268456 0.16864608076009502
1 0.3624161073825503 0.5332541567695962 0.087248322147651 0.17102137767220904
1 0.46560402684563756 0.5332541567695962 0.08221476510067113 0.17339667458432304
1 0.5704697986577181 0.5332541567695962 0.09060402684563758 0.17339667458432304
1 0.677013422818792 0.5332541567695962 0.08892617449664429 0.16864608076009502
1 0.7785234899328859 0.5344418052256532 0.087248322147651 0.166270783847981
1 0.8842281879194631 0.5326603325415677 0.1040268456375839 0.167458432304038
