0 0.4983221476510067 0.3990498812351544 0.7516778523489933 0.28741092636579574
0 0.49916107382550334 0.8420427553444181 0.7768456375838926 0.07363420427553445
1 0.13674496644295303 0.3984560570071259 0.018456375838926176 0.28859857482185275
1 0.20721476510067113 0.3996437054631829 0.08557046979865772 0.2862232779097387
1 0.3598993288590604 0.4002375296912114 0.18624161073825504 0.28741092636579574
1 0.5511744966442953 0.3990498812351544 0.1593959731543624 0.28741092636579574
1 0.7558724832214765 0.3990498812351544 0.21644295302013422 0.28741092636579574
1 0.13842281879194632 0.8414489311163896 0.03859060402684564 0.07244655581947744
1 0.2810402684563758 0.8432304038004751 0.21644295302013422 0.07363420427553445
1 0.47315436241610737 0.8414489311163896 0.1342281879194631 0.07482185273159145
1 0.5864093959731543 0.8420427553444181 0.05536912751677852 0.07363420427553445
1 0.6669463087248322 0.8432304038004751 0.07550335570469799 0.07363420427553445
1 0.8003355704697986 0.8432304038004751 0.15771812080536912 0.07363420427553445
