0 0.4890939597315436 0.2654394299287411 0.7634228187919463 0.1840855106888361
0 0.49161073825503354 0.4691211401425178 0.7718120805369127 0.13539192399049882
1 0.18791946308724833 0.27315914489311166 0.15100671140939598 0.166270783847981
1 0.35318791946308725 0.27434679334916867 0.14261744966442952 0.16152019002375298
1 0.5562080536912751 0.2773159144893112 0.17953020134228187 0.16508313539192399
1 0.7692953020134228 0.2755344418052257 0.18959731543624161 0.16152019002375298
1 0.19379194630872482 0.4780285035629454 0.15604026845637584 0.11045130641330167
1 0.3263422818791946 0.4792161520190024 0.08892617449664429 0.10807600950118765
1 0.40436241610738255 0.4774346793349169 0.04697986577181208 0.11401425178147269
1 0.46140939597315433 0.4756532066508314 0.03691275167785235 0.10570071258907364
1 0.5360738255033557 0.4798099762470309 0.07550335570469799 0.11163895486935868
1 0.6325503355704698 0.4792161520190024 0.09060402684563758 0.11045130641330167
1 0.700503355704698 0.4792161520190024 0.028523489932885907 0.11282660332541568
1 0.7407718120805369 0.4792161520190024 0.028523489932885907 0.10807600950118765
1 0.7793624161073825 0.4774346793349169 0.018456375838926176 0.10688836104513065
1 0.839765100671141 0.4792161520190024 0.0587248322147651 0.10807600950118765
