0 0.33221476510067116 0.22327790973871736 0.38926174496644295 0.3491686460807601
0 0.2885906040268456 0.665083135391924 0.3624161073825503 0.48693586698337293
1 0.1593959731543624 0.22327790973871736 0.03691275167785235 0.34679334916864607
1 0.21140939597315436 0.22327790973871736 0.03691275167785235 0.3420427553444181
1 0.27348993288590606 0.22624703087885986 0.053691275167785234 0.3479809976247031
1 0.3573825503355705 0.22505938242280285 0.08389261744966443 0.3503562945368171
1 0.4639261744966443 0.22446555819477435 0.10570469798657718 0.3491686460807601
1 0.12416107382550336 0.6656769596199525 0.026845637583892617 0.48099762470308793
1 0.17533557046979864 0.6644893111638955 0.05201342281879195 0.48099762470308793
1 0.2525167785234899 0.665083135391924 0.0721476510067114 0.4821852731591449
1 0.33808724832214765 0.663895486935867 0.0587248322147651 0.4821852731591449
1 0.4203020134228188 0.663895486935867 0.07550335570469799 0.4845605700712589
