0 0.151270207852194 0.2470167064439141 0.279445727482679 0.4892601431980907
0 0.41916859122401845 0.2470167064439141 0.09006928406466512 0.5035799522673031
0 0.5311778290993071 0.2470167064439141 0.08775981524249422 0.49880668257756566
0 0.6385681293302541 0.24582338902147974 0.07621247113163972 0.49642004773269693
0 0.745958429561201 0.24940334128878283 0.07852193995381063 0.4797136038186158
0 0.8556581986143187 0.2470167064439141 0.08083140877598152 0.49880668257756566
0 0.9572748267898383 0.24582338902147974 0.07159353348729793 0.48687350835322196
0 0.15011547344110854 0.7804295942720764 0.2956120092378753 0.44868735083532224
0 0.4226327944572748 0.7744630071599046 0.08314087759815242 0.44630071599045346
0 0.5311778290993071 0.7804295942720764 0.07390300230946882 0.4534606205250597
0 0.6397228637413395 0.7744630071599046 0.07390300230946882 0.45107398568019097
0 0.7413394919168591 0.7768496420047734 0.07852193995381063 0.441527446300716
0 0.848729792147806 0.7804295942720764 0.08083140877598152 0.4534606205250597
0 0.9572748267898383 0.7780429594272077 0.07159353348729793 0.4534606205250597
