0 0.5083892617449665 0.588479809976247 0.7583892617449665 0.09144893111638955
0 0.5201342281879194 0.7986935866983373 0.8187919463087248 0.1793349168646081
1 0.2575503355704698 0.5890736342042756 0.25 0.08788598574821853
1 0.47651006711409394 0.5878859857482186 0.16442953020134227 0.08788598574821853
1 0.6451342281879194 0.5890736342042756 0.1459731543624161 0.09026128266033255
1 0.8062080536912751 0.5914489311163895 0.1493288590604027 0.08551068883610452
1 0.1568791946308725 0.8022565320665084 0.08892617449664429 0.1793349168646081
1 0.27768456375838924 0.8010688836104514 0.11912751677852348 0.16983372921615203
1 0.44211409395973156 0.7992874109263658 0.1761744966442953 0.17577197149643706
1 0.7365771812080537 0.8004750593824228 0.37583892617449666 0.17102137767220904
