0 0.5486577181208053 0.1003562945368171 0.8154362416107382 0.07244655581947744
0 0.549496644295302 0.7529691211401426 0.8204697986577181 0.08788598574821853
0 0.5453020134228188 0.9002375296912114 0.8087248322147651 0.04750593824228029
1 0.2156040268456376 0.1003562945368171 0.1459731543624161 0.07007125890736342
1 0.4110738255033557 0.10154394299287411 0.22483221476510068 0.0653206650831354
1 0.7416107382550335 0.10154394299287411 0.412751677852349 0.0653206650831354
1 0.23406040268456374 0.7541567695961996 0.18288590604026844 0.08551068883610452
1 0.42197986577181207 0.754750593824228 0.17281879194630873 0.08432304038004751
1 0.5981543624161074 0.7541567695961996 0.1593959731543624 0.08076009501187649
1 0.8204697986577181 0.7529691211401426 0.26174496644295303 0.08076009501187649
1 0.462248322147651 0.90083135391924 0.6325503355704698 0.04156769596199525
1 0.8691275167785235 0.9002375296912114 0.15436241610738255 0.040380047505938245
