0 0.4756711409395973 0.252375296912114 0.5486577181208053 0.048693586698337295
0 0.47818791946308725 0.3847980997624703 0.5469798657718121 0.09501187648456058
0 0.47651006711409394 0.6448931116389549 0.5469798657718121 0.3087885985748219
1 0.39177852348993286 0.2529691211401425 0.3640939597315436 0.052256532066508314
1 0.625 0.2517814726840855 0.06879194630872483 0.04750593824228029
1 0.7088926174496644 0.252375296912114 0.06879194630872483 0.048693586698337295
1 0.39177852348993286 0.3853919239904988 0.3573825503355705 0.08907363420427554
1 0.625 0.3853919239904988 0.06879194630872483 0.09382422802850357
1 0.709731543624161 0.38657957244655583 0.06711409395973154 0.09144893111638955
1 0.38926174496644295 0.6448931116389549 0.35906040268456374 0.30403800475059384
1 0.6208053691275167 0.6460807600950119 0.07718120805369127 0.30641330166270786
1 0.709731543624161 0.6454869358669834 0.06711409395973154 0.30522565320665085
