0 0.5016778523489933 0.17636579572446556 0.8187919463087248 0.13182897862232779
0 0.4983221476510067 0.3479809976247031 0.8087248322147651 0.09501187648456058
0 0.4983221476510067 0.5356294536817102 0.8422818791946308 0.15914489311163896
1 0.15520134228187918 0.17399049881235154 0.12248322147651007 0.1342042755344418
1 0.26593959731543626 0.17695961995249407 0.07885906040268456 0.1306413301662708
1 0.3674496644295302 0.17517814726840855 0.10067114093959731 0.1294536817102138
1 0.47315436241610737 0.17695961995249407 0.09395973154362416 0.1330166270783848
1 0.5763422818791947 0.17695961995249407 0.08892617449664429 0.1306413301662708
1 0.6778523489932886 0.17517814726840855 0.07718120805369127 0.1294536817102138
1 0.7634228187919463 0.17458432304038005 0.07718120805369127 0.12826603325415678
1 0.8624161073825504 0.17814726840855108 0.087248322147651 0.1330166270783848
1 0.14093959731543623 0.3450118764845606 0.07718120805369127 0.09382422802850357
1 0.24161073825503354 0.3497624703087886 0.08053691275167785 0.09144893111638955
1 0.3447986577181208 0.3485748218527316 0.10906040268456375 0.09382422802850357
1 0.46308724832214765 0.3479809976247031 0.1040268456375839 0.09026128266033255
1 0.5738255033557047 0.3497624703087886 0.087248322147651 0.0985748218527316
1 0.671979865771812 0.3503562945368171 0.07550335570469799 0.09501187648456058
1 0.7600671140939597 0.3485748218527316 0.08389261744966443 0.09382422802850357
1 0.8548657718120806 0.3473871733966746 0.07885906040268456 0.09619952494061758
1 0.13338926174496643 0.5380047505938242 0.10570469798657718 0.15676959619952494
1 0.24664429530201343 0.5374109263657958 0.0738255033557047 0.15320665083135393
1 0.34563758389261745 0.5368171021377672 0.1040268456375839 0.15676959619952494
1 0.46308724832214765 0.5374109263657958 0.1040268456375839 0.15795724465558195
1 0.5746644295302014 0.5356294536817102 0.08892617449664429 0.15439429928741094
1 0.674496644295302 0.5368171021377672 0.087248322147651 0.15676959619952494
1 0.7684563758389261 0.5350356294536818 0.07046979865771812 0.16033254156769597
1 0.8624161073825504 0.5344418052256532 0.09395973154362416 0.15439429928741094
