0 0.4790268456375839 0.328978622327791 0.7869127516778524 0.17339667458432304
0 0.47651006711409394 0.5296912114014252 0.7818791946308725 0.1496437054631829
0 0.47818791946308725 0.7262470308788599 0.785234899328859 0.16983372921615203
1 0.16442953020134227 0.3319477434679335 0.13087248322147652 0.17458432304038005
1 0.3028523489932886 0.328978622327791 0.10570469798657718 0.17102137767220904
1 0.4337248322147651 0.331353919239905 0.11912751677852348 0.17339667458432304
1 0.5629194630872483 0.33016627078384797 0.09228187919463086 0.17339667458432304
1 0.6795302013422818 0.3307600950118765 0.09731543624161074 0.17220902612826605
1 0.8053691275167785 0.328978622327791 0.11073825503355704 0.17102137767220904
1 0.1610738255033557 0.5290973871733967 0.13087248322147652 0.14845605700712589
1 0.29697986577181207 0.5302850356294537 0.10067114093959731 0.15320665083135393
1 0.42785234899328856 0.5290973871733967 0.12416107382550336 0.14845605700712589
1 0.5612416107382551 0.5302850356294537 0.08892617449664429 0.1508313539192399
1 0.6828859060402684 0.5290973871733967 0.10738255033557047 0.14845605700712589
1 0.8053691275167785 0.5290973871733967 0.10067114093959731 0.1508313539192399
1 0.1593959731543624 0.7292161520190024 0.12751677852348994 0.17102137767220904
1 0.29697986577181207 0.7262470308788599 0.10738255033557047 0.16983372921615203
1 0.42785234899328856 0.7256532066508314 0.11409395973154363 0.16864608076009502
1 0.5578859060402684 0.7262470308788599 0.1023489932885906 0.16983372921615203
1 0.6828859060402684 0.7262470308788599 0.1040268456375839 0.16983372921615203
1 0.8053691275167785 0.7268408551068883 0.1040268456375839 0.17339667458432304
