0 0.48657718120805366 0.20902612826603326 0.8221476510067114 0.163895486935867
0 0.4874161073825503 0.45724465558194777 0.8204697986577181 0.22327790973871736
0 0.48406040268456374 0.7167458432304038 0.8271812080536912 0.2125890736342043
1 0.09144295302013422 0.22505938242280285 0.028523489932885907 0.1294536817102138
1 0.24664429530201343 0.2292161520190024 0.2651006711409396 0.12589073634204276
1 0.49412751677852346 0.2292161520190024 0.18959731543624161 0.12826603325415678
1 0.6560402684563759 0.22624703087885986 0.09060402684563758 0.12707838479809977
1 0.7701342281879194 0.22624703087885986 0.1040268456375839 0.12470308788598575
1 0.8649328859060402 0.22862232779097388 0.04865771812080537 0.12707838479809977
1 0.0964765100671141 0.4744655581947744 0.025167785234899327 0.18646080760095013
1 0.25419463087248323 0.47387173396674587 0.2600671140939597 0.18764845605700714
1 0.4949664429530201 0.4756532066508314 0.1912751677852349 0.1840855106888361
1 0.6568791946308725 0.4756532066508314 0.09563758389261745 0.18646080760095013
1 0.7726510067114094 0.4756532066508314 0.09899328859060402 0.18883610451306415
1 0.8615771812080537 0.4750593824228029 0.04865771812080537 0.19002375296912116
1 0.09312080536912752 0.732185273159145 0.025167785234899327 0.17458432304038005
1 0.2533557046979866 0.733372921615202 0.2550335570469799 0.17458432304038005
1 0.49748322147651003 0.733372921615202 0.18624161073825504 0.17220902612826605
1 0.6535234899328859 0.733372921615202 0.09563758389261745 0.17695961995249407
1 0.7726510067114094 0.7339667458432304 0.09899328859060402 0.17814726840855108
1 0.8666107382550335 0.7327790973871734 0.05536912751677852 0.17814726840855108
