0 0.06588579795021962 0.5028248587570622 0.12298682284040996 0.9717514124293786
0 0.1815519765739385 0.5028248587570622 0.09663250366032211 0.9717514124293786
0 0.2935578330893119 0.5028248587570622 0.07759882869692533 0.9717514124293786
0 0.3967789165446559 0.5028248587570622 0.07027818448023426 0.9717514124293786
0 0.48975109809663253 0.5028248587570622 0.08052708638360176 0.9717514124293786
0 0.5841874084919473 0.5028248587570622 0.07320644216691069 0.9717514124293786
0 0.6786237188872621 0.5028248587570622 0.07174231332357248 0.9717514124293786
0 0.7767203513909224 0.5028248587570622 0.06881405563689605 0.9717514124293786
0 0.8726207906295754 0.5028248587570622 0.07320644216691069 0.9717514124293786
0 0.9648609077598829 0.5028248587570622 0.06442166910688141 0.9717514124293786
