0 0.081267217630854 0.5020491803278688 0.14049586776859505 0.9549180327868853
0 0.2059228650137741 0.5020491803278688 0.09779614325068871 0.9631147540983607
0 0.9428374655647384 0.5 0.09228650137741047 0.9754098360655739
0 0.3037190082644628 0.49590163934426235 0.08677685950413223 0.959016393442623
0 0.39462809917355374 0.49180327868852464 0.08677685950413223 0.9508196721311476
0 0.47520661157024796 0.49590163934426235 0.06887052341597796 0.959016393442623
0 0.546831955922865 0.4979508196721312 0.06336088154269973 0.9631147540983607
0 0.6239669421487604 0.48975409836065575 0.07988980716253444 0.9467213114754098
0 0.7224517906336089 0.49590163934426235 0.10055096418732783 0.959016393442623
0 0.8023415977961432 0.5020491803278688 0.04269972451790634 0.9713114754098361
0 0.8588154269972452 0.5 0.05922865013774105 0.9672131147540984
