0 0.5436241610738255 0.22327790973871736 0.9026845637583892 0.34679334916864607
0 0.5444630872483222 0.6799287410926366 0.8976510067114094 0.4121140142517815
1 0.12164429530201341 0.22149643705463185 0.04530201342281879 0.3432304038004751
1 0.3959731543624161 0.22387173396674584 0.4697986577181208 0.3479809976247031
1 0.6820469798657718 0.22327790973871736 0.06543624161073826 0.34679334916864607
1 0.7818791946308725 0.22565320665083136 0.10067114093959731 0.34679334916864607
1 0.9186241610738255 0.22387173396674584 0.13590604026845637 0.3479809976247031
1 0.12248322147651007 0.6805225653206651 0.040268456375838924 0.4109263657957245
1 0.3934563758389262 0.6811163895486936 0.4714765100671141 0.4097387173396675
1 0.6778523489932886 0.6811163895486936 0.06375838926174497 0.4097387173396675
1 0.7802013422818792 0.6799287410926366 0.10738255033557047 0.40736342042755347
1 0.9186241610738255 0.6805225653206651 0.1325503355704698 0.4085510688836105
