0 0.07352941176470588 0.49689440993788814 0.1323529411764706 0.9565217391304347
0 0.17058823529411765 0.49689440993788814 0.05 0.9565217391304347
0 0.22720588235294117 0.49999999999999994 0.045588235294117645 0.9627329192546583
0 0.28602941176470587 0.49999999999999994 0.054411764705882354 0.9627329192546583
0 0.3448529411764706 0.4937888198757764 0.054411764705882354 0.9503105590062111
0 0.4022058823529412 0.49999999999999994 0.04264705882352941 0.9627329192546583
0 0.45808823529411763 0.49999999999999994 0.04264705882352941 0.9627329192546583
0 0.5139705882352941 0.49999999999999994 0.04264705882352941 0.9627329192546583
0 0.5683823529411764 0.49999999999999994 0.04264705882352941 0.9627329192546583
0 0.6345588235294117 0.49689440993788814 0.0661764705882353 0.9565217391304347
0 0.7308823529411764 0.4906832298136646 0.10588235294117647 0.9440993788819875
0 0.8308823529411764 0.49689440993788814 0.08529411764705883 0.9565217391304347
0 0.9352941176470588 0.49999999999999994 0.10882352941176471 0.9627329192546583
