0 0.5033557046979865 0.6757719714964371 0.8120805369127516 0.09738717339667459
0 0.4966442953020134 0.33847980997624705 0.8154362416107382 0.38954869358669836
0 0.50251677852349 0.07541567695961995 0.8137583892617449 0.039192399049881234
1 0.3347315436241611 0.07600950118764846 0.4714765100671141 0.03800475059382423
1 0.660234899328859 0.07957244655581948 0.15268456375838926 0.0332541567695962
1 0.8263422818791946 0.07660332541567696 0.1493288590604027 0.03444180522565321
1 0.22651006711409397 0.34026128266033256 0.26174496644295303 0.3836104513064133
1 0.43540268456375836 0.33907363420427555 0.13590604026845637 0.3836104513064133
1 0.5822147651006712 0.33907363420427555 0.1442953020134228 0.38836104513064135
1 0.7197986577181208 0.33966745843230406 0.11073825503355704 0.3919239904988124
1 0.8406040268456376 0.33966745843230406 0.11073825503355704 0.38717339667458434
1 0.15855704697986578 0.6751781472684086 0.12248322147651007 0.09144893111638955
1 0.2936241610738255 0.6763657957244655 0.11409395973154363 0.09144893111638955
1 0.4093959731543624 0.6769596199524941 0.10738255033557047 0.09026128266033255
1 0.5318791946308725 0.6751781472684086 0.11409395973154363 0.09144893111638955
1 0.6711409395973155 0.6763657957244655 0.14093959731543623 0.09144893111638955
1 0.8288590604026845 0.6757719714964371 0.1476510067114094 0.09263657957244656
