0 0.47651006711409394 0.20368171021377673 0.5838926174496644 0.2125890736342043
0 0.4756711409395973 0.3937054631828979 0.5822147651006712 0.11045130641330167
0 0.4748322147651007 0.6359857482185274 0.5805369127516778 0.3147268408551069
0 0.4773489932885906 0.8598574821852732 0.5855704697986577 0.07600950118764846
1 0.21644295302013422 0.20427553444180524 0.053691275167785234 0.20902612826603326
1 0.4060402684563758 0.20308788598574823 0.2986577181208054 0.20902612826603326
1 0.6291946308724832 0.20308788598574823 0.10738255033557047 0.21140142517814728
1 0.7298657718120806 0.20308788598574823 0.05704697986577181 0.21140142517814728
1 0.21895973154362416 0.3942992874109264 0.04865771812080537 0.10926365795724466
1 0.41023489932885904 0.3937054631828979 0.2936241610738255 0.10807600950118765
1 0.62751677852349 0.3948931116389549 0.10738255033557047 0.11282660332541568
1 0.7290268456375839 0.3942992874109264 0.06208053691275168 0.10688836104513065
1 0.21728187919463088 0.6359857482185274 0.04530201342281879 0.3099762470308789
1 0.4077181208053691 0.6377672209026128 0.2953020134228188 0.3111638954869359
1 0.6291946308724832 0.6365795724465558 0.10738255033557047 0.3111638954869359
1 0.7281879194630873 0.6347980997624704 0.05704697986577181 0.30760095011876487
1 0.21895973154362416 0.8610451306413303 0.05201342281879195 0.07125890736342043
1 0.4077181208053691 0.8610451306413303 0.2919463087248322 0.07125890736342043
1 0.625 0.8616389548693587 0.11241610738255034 0.07482185273159145
1 0.735738255033557 0.8628266033254157 0.0721476510067114 0.07244655581947744
