0 0.05345394736842105 0.49530956848030017 0.09046052631578946 0.9793621013133208
0 0.13486842105263158 0.50187617260788 0.05263157894736842 0.9812382739212008
0 0.19736842105263158 0.49906191369606 0.05263157894736842 0.975609756097561
0 0.26151315789473684 0.5 0.05263157894736842 0.9774859287054409
0 0.32401315789473684 0.4971857410881801 0.05263157894736842 0.9718574108818011
0 0.38651315789473684 0.49530956848030017 0.05263157894736842 0.9681050656660413
0 0.4473684210526315 0.49624765478424016 0.05263157894736842 0.9699812382739212
0 0.5098684210526315 0.49624765478424016 0.05263157894736842 0.9699812382739212
0 0.569078947368421 0.5 0.05263157894736842 0.9774859287054409
0 0.631578947368421 0.50093808630394 0.05263157894736842 0.9793621013133208
0 0.6907894736842105 0.4981238273921201 0.05263157894736842 0.9737335834896811
0 0.75 0.49624765478424016 0.05263157894736842 0.9699812382739212
0 0.8141447368421052 0.4971857410881801 0.05263157894736842 0.9718574108818011
0 0.875 0.49530956848030017 0.05263157894736842 0.9681050656660413
0 0.9391447368421052 0.49530956848030017 0.05263157894736842 0.9681050656660413
