0 0.025245441795231416 0.49425287356321834 0.028050490883590462 0.950191570881226
0 0.2082748948106592 0.49425287356321834 0.3239831697054698 0.950191570881226
0 0.42005610098176716 0.49808429118773945 0.07994389901823282 0.9425287356321839
0 0.5007012622720898 0.49425287356321834 0.07012622720897616 0.950191570881226
0 0.5750350631136045 0.4904214559386973 0.07012622720897616 0.950191570881226
0 0.6521739130434783 0.48659003831417624 0.07012622720897616 0.950191570881226
0 0.7279102384291725 0.48275862068965514 0.07012622720897616 0.9425287356321839
0 0.8022440392706872 0.4846743295019157 0.07012622720897616 0.946360153256705
0 0.876577840112202 0.4846743295019157 0.07012622720897616 0.946360153256705
0 0.9537166900420757 0.48659003831417624 0.07012622720897616 0.950191570881226
0 0.6844319775596073 0.5478927203065134 0.6086956521739131 0.8505747126436781
