0 0.4924496644295302 0.4596199524940618 0.7600671140939597 0.1330166270783848
0 0.4899328859060403 0.75 0.761744966442953 0.27434679334916867
1 0.24664429530201343 0.4625890736342043 0.2550335570469799 0.12470308788598575
1 0.43875838926174493 0.4602137767220903 0.10906040268456375 0.12707838479809977
1 0.6015100671140939 0.4596199524940618 0.20973154362416108 0.12826603325415678
1 0.7911073825503355 0.4608076009501188 0.15268456375838926 0.1330166270783848
1 0.24580536912751677 0.7494061757719715 0.2634228187919463 0.27315914489311166
1 0.24916107382550334 0.75 0.2634228187919463 0.2672209026128266
1 0.4471476510067114 0.7541567695961996 0.10570469798657718 0.27078384798099764
1 0.6166107382550335 0.7470308788598575 0.2063758389261745 0.2684085510688836
1 0.796979865771812 0.748812351543943 0.13758389261744966 0.27434679334916867
