0 0.09096612296110414 0.4978902953586498 0.17189460476787954 0.9873417721518988
0 0.19949811794228356 0.49929676511954996 0.04015056461731493 0.9901547116736991
0 0.23839397741530738 0.49929676511954996 0.02760351317440401 0.9901547116736991
0 0.27227101631116685 0.5 0.02760351317440401 0.9915611814345991
0 0.31053952321204514 0.4978902953586498 0.03638644918444165 0.9873417721518988
0 0.36010037641154324 0.5007032348804501 0.047678795483061476 0.9873417721518988
0 0.41342534504391465 0.49929676511954996 0.04140526976160602 0.9901547116736991
0 0.4673776662484316 0.5 0.04893350062735257 0.9915611814345991
0 0.5395232120451694 0.4957805907172996 0.08531994981179422 0.9831223628691983
0 0.6273525721455457 0.49859353023909986 0.08531994981179422 0.9831223628691983
0 0.7013801756587201 0.49929676511954996 0.05269761606022584 0.9901547116736991
0 0.7873274780426599 0.5014064697609002 0.1041405269761606 0.9831223628691983
0 0.8764115432873274 0.5007032348804501 0.0589711417816813 0.9873417721518988
0 0.9523212045169385 0.49929676511954996 0.08531994981179422 0.9873417721518988
