0 0.5008389261744967 0.3497624703087886 0.8976510067114094 0.49049881235154397
0 0.5 0.7256532066508314 0.9194630872483222 0.1995249406175772
1 0.1266778523489933 0.3491686460807601 0.1325503355704698 0.491686460807601
1 0.28187919463087246 0.3491686460807601 0.1476510067114094 0.48931116389548696
1 0.4337248322147651 0.3479809976247031 0.12248322147651007 0.48931116389548696
1 0.5738255033557047 0.3485748218527316 0.12080536912751677 0.48812351543942994
1 0.7315436241610738 0.3509501187648456 0.16442953020134227 0.48812351543942994
1 0.8842281879194631 0.3485748218527316 0.10738255033557047 0.48812351543942994
1 0.16275167785234898 0.7256532066508314 0.22483221476510068 0.1971496437054632
1 0.37667785234899326 0.7244655581947744 0.16275167785234898 0.1995249406175772
1 0.6694630872483222 0.7262470308788599 0.38926174496644295 0.2007125890736342
1 0.9152684563758389 0.7274346793349169 0.0721476510067114 0.1983372921615202
