0 0.5402684563758389 0.14192399049881235 0.8422818791946308 0.14370546318289787
1 0.1535234899328859 0.14133016627078385 0.05536912751677852 0.14014251781472684
1 0.20889261744966442 0.14192399049881235 0.028523489932885907 0.14133016627078385
1 0.2651006711409396 0.14192399049881235 0.050335570469798654 0.14133016627078385
1 0.3263422818791946 0.14133016627078385 0.03859060402684564 0.14014251781472684
1 0.37416107382550334 0.14073634204275534 0.030201342281879193 0.1460807600950119
1 0.4169463087248322 0.14133016627078385 0.02181208053691275 0.1472684085510689
1 0.4597315436241611 0.14073634204275534 0.026845637583892617 0.14133016627078385
1 0.6493288590604027 0.14192399049881235 0.3221476510067114 0.1460807600950119
1 0.8582214765100671 0.14073634204275534 0.05536912751677852 0.14370546318289787
1 0.9278523489932886 0.14192399049881235 0.04697986577181208 0.14370546318289787
