0 0.4983221476510067 0.6169833729216152 0.8087248322147651 0.1152019002375297
0 0.49916107382550334 0.8093824228028504 0.8104026845637584 0.2007125890736342
1 0.15855704697986578 0.6187648456057008 0.1325503355704698 0.11401425178147269
1 0.4681208053691275 0.6163895486935868 0.45302013422818793 0.11163895486935868
1 0.8003355704697986 0.6175771971496438 0.18120805369127516 0.10926365795724466
1 0.11157718120805368 0.8070071258907364 0.04194630872483222 0.2007125890736342
1 0.3506711409395973 0.8081947743467934 0.4093959731543624 0.2007125890736342
1 0.5973154362416108 0.8064133016627079 0.060402684563758385 0.20427553444180524
1 0.6694630872483222 0.8135391923990499 0.060402684563758385 0.20190023752969122
1 0.7541946308724832 0.8123515439429929 0.08221476510067113 0.1971496437054632
1 0.8481543624161073 0.8093824228028504 0.08892617449664429 0.1983372921615202
