0 0.5008389261744967 0.2125890736342043 0.7869127516778524 0.1330166270783848
0 0.5041946308724832 0.40380047505938244 0.7902684563758389 0.1306413301662708
0 0.511744966442953 0.5611638954869359 0.8053691275167785 0.06294536817102138
0 0.5109060402684563 0.6781472684085511 0.8070469798657718 0.0498812351543943
0 0.5 0.8752969121140143 0.7885906040268457 0.07838479809976247
1 0.21644295302013422 0.21080760095011877 0.2080536912751678 0.13182897862232779
1 0.38758389261744963 0.2125890736342043 0.1040268456375839 0.1306413301662708
1 0.5016778523489933 0.2125890736342043 0.09731543624161074 0.12826603325415678
1 0.6140939597315436 0.2143705463182898 0.09395973154362416 0.12707838479809977
1 0.723993288590604 0.2161520190023753 0.09563758389261745 0.1306413301662708
1 0.8422818791946308 0.2137767220902613 0.09731543624161074 0.1306413301662708
1 0.21644295302013422 0.4026128266033254 0.19798657718120805 0.12589073634204276
1 0.38338926174496646 0.40320665083135393 0.09899328859060402 0.1294536817102138
1 0.49748322147651003 0.4026128266033254 0.1023489932885906 0.1306413301662708
1 0.6140939597315436 0.40498812351543945 0.1040268456375839 0.1306413301662708
1 0.7256711409395973 0.40380047505938244 0.09563758389261745 0.12826603325415678
1 0.8422818791946308 0.40558194774346795 0.09731543624161074 0.12707838479809977
1 0.2558724832214765 0.5617577197149644 0.2802013422818792 0.061757719714964375
1 0.45805369127516776 0.5629453681710214 0.08389261744966443 0.06413301662707839
1 0.5562080536912751 0.5599762470308789 0.08557046979865772 0.05819477434679335
1 0.6593959731543624 0.5617577197149644 0.08053691275167785 0.05938242280285036
1 0.7600671140939597 0.5605700712589073 0.08389261744966443 0.061757719714964375
1 0.8666107382550335 0.5605700712589073 0.09563758389261745 0.05938242280285036
1 0.25419463087248323 0.6781472684085511 0.2835570469798658 0.045130641330166275
1 0.45805369127516776 0.6793349168646081 0.087248322147651 0.052256532066508314
1 0.5545302013422818 0.6787410926365796 0.08557046979865772 0.048693586698337295
1 0.6610738255033557 0.6781472684085511 0.07718120805369127 0.04750593824228029
1 0.7600671140939597 0.6769596199524941 0.08053691275167785 0.04750593824228029
1 0.8624161073825504 0.6775534441805225 0.09060402684563758 0.048693586698337295
1 0.16359060402684564 0.8758907363420428 0.11241610738255034 0.07719714964370547
1 0.5109060402684563 0.8758907363420428 0.5486577181208053 0.07719714964370547
1 0.8464765100671141 0.8758907363420428 0.08221476510067113 0.07719714964370547
