0 0.5050335570469798 0.0991686460807601 0.7651006711409396 0.12470308788598575
0 0.5050335570469798 0.27137767220902614 0.7516778523489933 0.1294536817102138
0 0.5016778523489933 0.4441805225653207 0.7516778523489933 0.05938242280285036
1 0.17114093959731544 0.10213776722090262 0.09060402684563758 0.11876484560570072
1 0.3565436241610738 0.0991686460807601 0.27013422818791943 0.11757719714964371
1 0.552013422818792 0.09679334916864608 0.08389261744966443 0.11757719714964371
1 0.6510067114093959 0.09738717339667459 0.09395973154362416 0.12114014251781473
1 0.7399328859060402 0.0997624703087886 0.06711409395973154 0.11876484560570072
1 0.8305369127516778 0.0997624703087886 0.09395973154362416 0.1163895486935867
1 0.174496644295302 0.27197149643705465 0.08389261744966443 0.12351543942992875
1 0.3657718120805369 0.27197149643705465 0.27181208053691275 0.12351543942992875
1 0.5562080536912751 0.2690023752969121 0.09228187919463086 0.12707838479809977
1 0.6552013422818792 0.27137767220902614 0.07885906040268456 0.12232779097387174
1 0.7374161073825504 0.27315914489311166 0.0587248322147651 0.12589073634204276
1 0.8280201342281879 0.27315914489311166 0.09563758389261745 0.12589073634204276
1 0.17197986577181207 0.44002375296912116 0.09228187919463086 0.048693586698337295
1 0.3657718120805369 0.4447743467933492 0.2785234899328859 0.048693586698337295
1 0.5587248322147651 0.4423990498812352 0.09060402684563758 0.048693586698337295
1 0.6535234899328859 0.44002375296912116 0.08221476510067113 0.04631828978622328
1 0.7365771812080537 0.4418052256532067 0.060402684563758385 0.052256532066508314
1 0.8246644295302014 0.4429928741092637 0.09563758389261745 0.0498812351543943
