0 0.5028571428571429 0.30254134731746674 0.7314285714285715 0.33884630899556273
0 0.5017142857142858 0.709156918112142 0.7371428571428572 0.3372327551432029
1 0.29514285714285715 0.2989108511496571 0.3045714285714286 0.32674465510286405
1 0.6605714285714286 0.3017345703912868 0.4 0.32674465510286405
1 0.5740000000000001 0.30919725695845096 0.196 0.30133118192819686
1 0.7751428571428572 0.3106091165792658 0.17885714285714288 0.3065752319483663
1 0.30000000000000004 0.7065348931020573 0.31428571428571433 0.3215006050826946
1 0.6634285714285715 0.7083501411859621 0.3942857142857143 0.3227107704719645
1 0.5322857142857144 0.7158128277531263 0.10457142857142858 0.3053650665590964
1 0.6588571428571429 0.718636546994756 0.1142857142857143 0.299717628075837
1 0.7914285714285715 0.7200484066155708 0.13142857142857145 0.30254134731746674
