0 0.49916107382550334 0.20605700712589076 0.8104026845637584 0.23634204275534443
0 0.4949664429530201 0.5635391923990499 0.8154362416107382 0.3099762470308789
0 0.45553691275167785 0.8355106888361046 0.7265100671140939 0.0653206650831354
1 0.30033557046979864 0.20546318289786225 0.3959731543624161 0.2304038004750594
1 0.5562080536912751 0.20724465558194774 0.10570469798657718 0.2292161520190024
1 0.6669463087248322 0.20783847980997625 0.1023489932885906 0.23515439429928742
1 0.7709731543624161 0.20843230403800475 0.0721476510067114 0.22684085510688837
1 0.8557046979865771 0.20724465558194774 0.06711409395973154 0.2292161520190024
1 0.24496644295302014 0.5629453681710214 0.2986577181208054 0.30403800475059384
1 0.4681208053691275 0.5653206650831354 0.1174496644295302 0.3016627078384798
1 0.6065436241610738 0.5623515439429929 0.12583892617449663 0.2980997624703088
1 0.7927852348993288 0.5647268408551069 0.21644295302013422 0.3004750593824228
1 0.21895973154362416 0.8378859857482186 0.22986577181208054 0.0653206650831354
1 0.4228187919463087 0.8366983372921616 0.15100671140939598 0.05819477434679335
1 0.6652684563758389 0.8390736342042756 0.30033557046979864 0.06294536817102138
