0 0.0277072758037225 0.5051052967453734 0.04357021996615905 0.9808551372048501
0 0.09602368866328256 0.5063816209317167 0.07868020304568528 0.9783024888321634
0 0.18485617597292722 0.5051052967453734 0.0820642978003384 0.9808551372048501
0 0.3709813874788494 0.5019144862795151 0.26818950930626057 0.9783024888321634
0 0.5346869712351946 0.5009572431397575 0.050761421319796954 0.9853222718570518
0 0.5930626057529611 0.5060625398851308 0.04653130287648054 0.9827696234843651
0 0.6763959390862944 0.5031908104658583 0.08883248730964467 0.9808551372048501
0 0.7707275803722504 0.5019144862795151 0.077834179357022 0.9872367581365667
0 0.8637901861252115 0.5041480536056159 0.08883248730964467 0.9700063816209318
0 0.9299915397631133 0.5009572431397575 0.032571912013536375 0.9929802169751117
0 0.9771573604060914 0.49872367581365673 0.0338409475465313 0.9808551372048501
