0 0.5243288590604027 0.417458432304038 0.7835570469798657 0.2672209026128266
0 0.5226510067114094 0.7066508313539193 0.7734899328859061 0.22090261282660334
1 0.287751677852349 0.416270783847981 0.3036912751677852 0.27197149643705465
1 0.5335570469798657 0.416270783847981 0.16778523489932887 0.2672209026128266
1 0.671979865771812 0.4156769596199525 0.08557046979865772 0.2684085510688836
1 0.8187919463087248 0.417458432304038 0.17785234899328858 0.2695961995249406
1 0.28942953020134227 0.7066508313539193 0.3036912751677852 0.2161520190023753
1 0.5343959731543624 0.7072446555819478 0.17281879194630873 0.2173396674584323
1 0.674496644295302 0.7090261282660333 0.08053691275167785 0.2137767220902613
1 0.8162751677852349 0.7078384798099763 0.18288590604026844 0.22090261282660334
