0 0.5260067114093959 0.5261282660332541 0.8003355704697986 0.11163895486935868
0 0.5285234899328859 0.7713776722090262 0.7919463087248322 0.2648456057007126
1 0.14848993288590603 0.5243467933491687 0.04194630872483222 0.1152019002375297
1 0.23154362416107382 0.5267220902612827 0.10738255033557047 0.10570071258907364
1 0.5436241610738255 0.5255344418052257 0.4899328859060403 0.10807600950118765
1 0.8565436241610738 0.5261282660332541 0.11241610738255034 0.10688836104513065
1 0.16191275167785235 0.6805225653206651 0.04530201342281879 0.06888361045130642
1 0.48825503355704697 0.6811163895486936 0.5704697986577181 0.07244655581947744
1 0.8506711409395973 0.7737529691211402 0.13758389261744966 0.25771971496437057
1 0.4513422818791946 0.8111638954869359 0.62751677852349 0.18527315914489312
