0 0.07632743362831858 0.5026881720430108 0.14380530973451328 0.9408602150537635
0 0.2975663716814159 0.5053763440860215 0.2588495575221239 0.946236559139785
0 0.47123893805309736 0.5833333333333334 0.04424778761061947 0.7903225806451614
0 0.5453539823008849 0.5645161290322581 0.050884955752212385 0.7741935483870969
0 0.6128318584070797 0.5779569892473119 0.04424778761061947 0.7688172043010754
0 0.6803097345132744 0.5860215053763441 0.05530973451327434 0.7849462365591399
0 0.754424778761062 0.5833333333333334 0.05309734513274336 0.7795698924731184
0 0.8252212389380531 0.5887096774193549 0.04424778761061947 0.7688172043010754
0 0.9646017699115044 0.5940860215053764 0.04424778761061947 0.7688172043010754
0 0.8915929203539823 0.5833333333333334 0.05309734513274336 0.7795698924731184
