0 0.5 0.5587979094076655 0.993455497382199 0.4329268292682927
0 0.8349149214659687 0.07665505226480836 0.30202879581151837 0.05226480836236934
1 0.03910340314136126 0.5616289198606271 0.07428010471204188 0.4324912891986063
1 0.10291230366492148 0.5601045296167247 0.044829842931937175 0.4355400696864111
1 0.15641361256544503 0.5581445993031359 0.05104712041884817 0.43423344947735193
1 0.19944371727748691 0.5594512195121951 0.023887434554973823 0.43423344947735193
1 0.24263743455497383 0.5596689895470384 0.05137434554973822 0.43118466898954705
1 0.31626308900523564 0.5587979094076655 0.08736910994764398 0.4329268292682927
1 0.5469568062827226 0.5581445993031359 0.35438481675392675 0.42813588850174217
1 0.8174083769633508 0.5596689895470384 0.10143979057591623 0.43118466898954705
1 0.9078861256544504 0.5596689895470384 0.06446335078534032 0.43118466898954705
1 0.9695680628272252 0.5579268292682927 0.05039267015706807 0.43118466898954705
1 0.6973167539267016 0.8449477351916377 0.0948952879581152 0.078397212543554
1 0.8131544502617801 0.8440766550522648 0.068717277486911 0.08275261324041812
1 0.9118128272251309 0.8440766550522648 0.06315445026178011 0.08536585365853659
1 0.9793848167539267 0.8427700348432056 0.03468586387434555 0.08275261324041812
