0 0.4899328859060403 0.20249406175771972 0.7651006711409396 0.23871733966745845
0 0.4899328859060403 0.6211401425178148 0.7651006711409396 0.4774346793349169
1 0.14093959731543623 0.2007125890736342 0.060402684563758385 0.23752969121140144
1 0.29697986577181207 0.2013064133016627 0.22147651006711408 0.23871733966745845
1 0.45385906040268453 0.20368171021377673 0.06543624161073826 0.23871733966745845
1 0.6065436241610738 0.20368171021377673 0.21308724832214765 0.23871733966745845
1 0.7961409395973155 0.20368171021377673 0.13926174496644295 0.23634204275534443
1 0.1401006711409396 0.6235154394299288 0.05536912751677852 0.4774346793349169
1 0.2936241610738255 0.6211401425178148 0.22147651006711408 0.4750593824228029
1 0.45302013422818793 0.6229216152019003 0.06711409395973154 0.4762470308788599
1 0.6057046979865772 0.6223277909738718 0.2080536912751678 0.4798099762470309
1 0.7961409395973155 0.6223277909738718 0.13926174496644295 0.4774346793349169
