0 0.5061324611610794 0.29968051118210864 0.8732624693376942 0.2670926517571885
1 0.11017988552739166 0.2990415335463259 0.06827473426001636 0.26198083067092653
1 0.19215044971381848 0.2985623003194888 0.07358953393295176 0.2629392971246006
1 0.27923139820114473 0.29968051118210864 0.08176614881439084 0.263258785942492
1 0.36569910057236305 0.29808306709265175 0.0723630417007359 0.26645367412140575
1 0.45032706459525756 0.29696485623003194 0.08299264104660671 0.2661341853035144
1 0.5470155355682748 0.3001597444089457 0.058871627146361405 0.2661341853035144
1 0.6451349141455438 0.2985623003194888 0.07195421095666395 0.2674121405750799
1 0.7356909239574816 0.29808306709265175 0.06827473426001636 0.26389776357827477
1 0.8278822567457073 0.2990415335463259 0.06950122649223221 0.268370607028754
1 0.9047424366312347 0.2976038338658147 0.06295993458708095 0.2629392971246006
