0 0.01915455746367239 0.5361111111111111 0.022457067371202115 0.85
0 0.09577278731836196 0.5444444444444445 0.12285336856010567 0.8666666666666667
0 0.20673712021136065 0.5444444444444445 0.08058124174372523 0.8777777777777778
0 0.29260237780713344 0.5361111111111111 0.08058124174372523 0.8722222222222222
0 0.38507265521796563 0.5305555555555556 0.09379128137384413 0.85
0 0.4821664464993395 0.5194444444444445 0.09247027741083223 0.8722222222222222
0 0.6565389696169088 0.5194444444444445 0.07926023778071334 0.8722222222222222
0 0.750330250990753 0.513888888888889 0.07926023778071334 0.8722222222222222
0 0.5726552179656539 0.525 0.08058124174372523 0.8833333333333334
0 0.8355350066050198 0.513888888888889 0.08058124174372523 0.8722222222222222
0 0.9253632760898283 0.5111111111111112 0.07793923381770146 0.8666666666666667
