0 0.49916107382550334 0.2654394299287411 0.8406040268456376 0.2648456057007126
0 0.48070469798657717 0.4815914489311164 0.8036912751677853 0.07007125890736342
0 0.4823825503355705 0.5766033254156769 0.8003355704697986 0.06294536817102138
0 0.4832214765100671 0.6864608076009502 0.802013422818792 0.07125890736342043
1 0.10318791946308725 0.2654394299287411 0.03523489932885906 0.2648456057007126
1 0.3540268456375839 0.2654394299287411 0.436241610738255 0.2600950118764846
1 0.6854026845637584 0.2660332541567696 0.17953020134228187 0.2612826603325416
1 0.8531879194630873 0.2654394299287411 0.11577181208053691 0.26247030878859856
1 0.10151006711409395 0.48099762470308793 0.031879194630872486 0.0665083135391924
1 0.212248322147651 0.48099762470308793 0.15268456375838926 0.0665083135391924
1 0.44546979865771813 0.48099762470308793 0.2835570469798658 0.06888361045130642
1 0.6426174496644295 0.4798099762470309 0.08389261744966443 0.06888361045130642
1 0.7374161073825504 0.48099762470308793 0.07885906040268456 0.0665083135391924
1 0.8330536912751678 0.4821852731591449 0.07885906040268456 0.06888361045130642
1 0.10318791946308725 0.5748218527315915 0.028523489932885907 0.061757719714964375
1 0.22818791946308725 0.578978622327791 0.18791946308724833 0.060570071258907364
1 0.4639261744966443 0.577790973871734 0.24664429530201343 0.05581947743467934
1 0.6409395973154363 0.5754156769596199 0.08053691275167785 0.06294536817102138
1 0.7365771812080537 0.5760095011876485 0.08053691275167785 0.05938242280285036
1 0.8330536912751678 0.5771971496437055 0.08221476510067113 0.0665083135391924
1 0.1023489932885906 0.6846793349168646 0.03691275167785235 0.07007125890736342
1 0.212248322147651 0.6852731591448932 0.15604026845637584 0.0665083135391924
1 0.4446308724832215 0.6846793349168646 0.2785234899328859 0.07007125890736342
1 0.6409395973154363 0.6864608076009502 0.07718120805369127 0.0665083135391924
1 0.7399328859060402 0.6864608076009502 0.07718120805369127 0.06888361045130642
1 0.8322147651006712 0.6858669833729216 0.08389261744966443 0.07007125890736342
