0 0.5176174496644296 0.8034441805225654 0.75 0.0985748218527316
0 0.5234899328859061 0.66270783847981 0.761744966442953 0.12589073634204276
0 0.5058724832214765 0.5261282660332541 0.7265100671140939 0.09026128266033255
0 0.5092281879194631 0.3628266033254157 0.7164429530201342 0.1152019002375297
0 0.5134228187919463 0.23752969121140144 0.7214765100671141 0.07838479809976247
1 0.17281879194630873 0.23515439429928742 0.030201342281879193 0.08076009501187649
1 0.27013422818791943 0.23693586698337293 0.12416107382550336 0.0819477434679335
1 0.375 0.23752969121140144 0.05536912751677852 0.07838479809976247
1 0.44798657718120805 0.23693586698337293 0.06375838926174497 0.07719714964370547
1 0.5260067114093959 0.23752969121140144 0.06543624161073826 0.07363420427553445
1 0.6090604026845637 0.23812351543942994 0.06375838926174497 0.07719714964370547
1 0.7080536912751678 0.23812351543942994 0.1040268456375839 0.07957244655581948
1 0.8196308724832214 0.23990498812351546 0.08892617449664429 0.07838479809976247
1 0.18708053691275167 0.3628266033254157 0.0587248322147651 0.11282660332541568
1 0.3028523489932886 0.36342042755344417 0.13590604026845637 0.10926365795724466
1 0.44043624161073824 0.36342042755344417 0.09899328859060402 0.11401425178147269
1 0.5578859060402684 0.36342042755344417 0.1023489932885906 0.10926365795724466
1 0.6761744966442953 0.36342042755344417 0.10067114093959731 0.11401425178147269
1 0.802013422818792 0.3646080760095012 0.11409395973154363 0.11163895486935868
1 0.21476510067114093 0.5249406175771971 0.14093959731543623 0.09026128266033255
1 0.3674496644295302 0.5255344418052257 0.13087248322147652 0.09144893111638955
1 0.5125838926174496 0.5249406175771971 0.12919463087248323 0.09026128266033255
1 0.6577181208053691 0.5249406175771971 0.13087248322147652 0.09026128266033255
1 0.802013422818792 0.5261282660332541 0.12416107382550336 0.09026128266033255
1 0.212248322147651 0.6633016627078385 0.1325503355704698 0.12470308788598575
1 0.36073825503355705 0.6644893111638955 0.13758389261744966 0.11995249406175773
1 0.5176174496644296 0.665083135391924 0.13926174496644295 0.12589073634204276
1 0.6694630872483222 0.66270783847981 0.1342281879194631 0.12351543942992875
1 0.825503355704698 0.663895486935867 0.13758389261744966 0.12589073634204276
1 0.19966442953020133 0.8040380047505938 0.11073825503355704 0.0997624703087886
1 0.30201342281879195 0.8046318289786224 0.053691275167785234 0.10332541567695963
1 0.37667785234899326 0.8040380047505938 0.06208053691275168 0.09263657957244656
1 0.4521812080536913 0.8028503562945368 0.06208053691275168 0.09738717339667459
1 0.49328859060402686 0.7553444180522566 0.0 0.0
1 0.49328859060402686 0.7553444180522566 0.0 0.0
1 0.5310402684563759 0.8028503562945368 0.06879194630872483 0.09263657957244656
1 0.6166107382550335 0.8040380047505938 0.06543624161073826 0.09501187648456058
1 0.7021812080536912 0.8046318289786224 0.06879194630872483 0.09619952494061758
1 0.7860738255033557 0.8028503562945368 0.06543624161073826 0.09738717339667459
1 0.8590604026845637 0.8028503562945368 0.040268456375838924 0.09263657957244656
