0 0.4934640522875817 0.45659722222222227 0.9248366013071896 0.2629419191919192
0 0.7794117647058824 0.8053977272727273 0.3496732026143791 0.1379419191919192
0 0.2973856209150327 0.7858270202020202 0.5187908496732027 0.10321969696969698
0 0.7677696078431373 0.25078914141414144 0.35661764705882354 0.1379419191919192
1 0.6548202614379085 0.2518939393939394 0.12826797385620917 0.12941919191919193
1 0.7822712418300654 0.2514204545454546 0.11846405228758171 0.12847222222222224
1 0.09395424836601307 0.4577020202020202 0.10620915032679738 0.25883838383838387
1 0.29820261437908496 0.45864898989898994 0.18790849673202614 0.25252525252525254
1 0.5287990196078431 0.4597537878787879 0.11315359477124183 0.2547348484848485
1 0.6548202614379085 0.4591224747474748 0.06535947712418301 0.2515782828282829
1 0.7616421568627452 0.45864898989898994 0.09681372549019608 0.25063131313131315
1 0.8427287581699346 0.46022727272727276 0.05147058823529412 0.2575757575757576
1 0.9142156862745099 0.4613320707070708 0.07189542483660132 0.2515782828282829
1 0.1809640522875817 0.7874053030303031 0.2777777777777778 0.09375000000000001
1 0.4397467320261438 0.7885101010101011 0.22344771241830066 0.08964646464646465
1 0.6840277777777778 0.8058712121212122 0.14583333333333334 0.12815656565656566
1 0.8911356209150327 0.8053977272727273 0.10743464052287582 0.1316287878787879
