0 0.5 0.26187648456057006 0.6510067114093959 0.3456057007125891
0 0.5008389261744967 0.5534441805225654 0.33053691275167785 0.12826603325415678
0 0.49748322147651003 0.7814726840855107 0.4983221476510067 0.2494061757719715
1 0.19798657718120805 0.26247030878859856 0.04697986577181208 0.3491686460807601
1 0.3389261744966443 0.2589073634204276 0.1912751677852349 0.34679334916864607
1 0.5083892617449665 0.26306413301662707 0.12080536912751677 0.34085510688836107
1 0.610738255033557 0.26247030878859856 0.05704697986577181 0.3444180522565321
1 0.7340604026845637 0.26365795724465557 0.16275167785234898 0.34679334916864607
1 0.41778523489932884 0.5492874109263658 0.1610738255033557 0.1294536817102138
1 0.5855704697986577 0.5564133016627079 0.13758389261744966 0.12707838479809977
1 0.28942953020134227 0.7826603325415677 0.0721476510067114 0.25415676959619954
1 0.4337248322147651 0.7808788598574822 0.18959731543624161 0.2505938242280285
1 0.6031879194630873 0.7802850356294537 0.11577181208053691 0.2517814726840855
1 0.7088926174496644 0.7790973871733967 0.06208053691275168 0.2470308788598575
