0 0.5033557046979865 0.4922802850356295 0.7651006711409396 0.09144893111638955
0 0.5327181208053691 0.14786223277909738 0.837248322147651 0.1342042755344418
1 0.18708053691275167 0.14786223277909738 0.13926174496644295 0.1342042755344418
1 0.33221476510067116 0.1496437054631829 0.12080536912751677 0.1306413301662708
1 0.4681208053691275 0.14845605700712589 0.13087248322147652 0.1330166270783848
1 0.6082214765100671 0.1502375296912114 0.11577181208053691 0.1342042755344418
1 0.7432885906040269 0.1508313539192399 0.12080536912751677 0.13539192399049882
1 0.8817114093959731 0.14845605700712589 0.12919463087248323 0.13539192399049882
1 0.2273489932885906 0.495249406175772 0.2063758389261745 0.09263657957244656
1 0.4135906040268456 0.494061757719715 0.13926174496644295 0.08551068883610452
1 0.5838926174496644 0.4958432304038005 0.17785234899328858 0.08907363420427554
1 0.7835570469798657 0.492874109263658 0.1912751677852349 0.09026128266033255
