0 0.4983221476510067 0.1805225653206651 0.697986577181208 0.1163895486935867
0 0.35570469798657717 0.37351543942992876 0.43288590604026844 0.053444180522565325
0 0.32802013422818793 0.6609263657957245 0.3808724832214765 0.49049881235154397
1 0.3347315436241611 0.17755344418052257 0.3808724832214765 0.1152019002375297
1 0.5805369127516778 0.1805225653206651 0.0738255033557047 0.11876484560570072
1 0.6577181208053691 0.17577197149643706 0.06375838926174497 0.1163895486935867
1 0.735738255033557 0.1793349168646081 0.06879194630872483 0.11876484560570072
1 0.8129194630872483 0.17814726840855108 0.06208053691275168 0.11163895486935868
1 0.17869127516778524 0.37292161520190026 0.0721476510067114 0.04750593824228029
1 0.2676174496644295 0.3752969121140143 0.07550335570469799 0.04750593824228029
1 0.36325503355704697 0.3776722090261283 0.07550335570469799 0.0498812351543943
1 0.44798657718120805 0.37292161520190026 0.08389261744966443 0.040380047505938245
1 0.5343959731543624 0.37114014251781474 0.0721476510067114 0.053444180522565325
1 0.19379194630872482 0.6603325415676959 0.09899328859060402 0.4845605700712589
1 0.27348993288590606 0.6597387173396675 0.050335570469798654 0.4857482185273159
1 0.3313758389261745 0.6597387173396675 0.04865771812080537 0.48812351543942994
1 0.3850671140939597 0.661520190023753 0.04865771812080537 0.48693586698337293
1 0.4437919463087248 0.663895486935867 0.04530201342281879 0.4845605700712589
1 0.49580536912751677 0.6585510688836105 0.03523489932885906 0.48812351543942994
