0 0.5 0.30700712589073637 0.7550335570469798 0.06294536817102138
0 0.5201342281879194 0.6223277909738718 0.8087248322147651 0.3942992874109264
0 0.50251677852349 0.8895486935866984 0.7600671140939597 0.0498812351543943
1 0.1686241610738255 0.30522565320665085 0.08892617449664429 0.061757719714964375
1 0.26258389261744963 0.30403800475059384 0.08221476510067113 0.052256532066508314
1 0.36073825503355705 0.30641330166270786 0.08389261744966443 0.05463182897862233
1 0.45302013422818793 0.30641330166270786 0.08053691275167785 0.052256532066508314
1 0.5478187919463087 0.30463182897862234 0.08557046979865772 0.053444180522565325
1 0.6476510067114094 0.30641330166270786 0.09731543624161074 0.052256532066508314
1 0.7390939597315436 0.30641330166270786 0.06879194630872483 0.05463182897862233
1 0.8322147651006712 0.30760095011876487 0.10067114093959731 0.05938242280285036
1 0.14261744966442952 0.6247030878859858 0.0436241610738255 0.3942992874109264
1 0.3548657718120805 0.6217339667458432 0.3674496644295302 0.38836104513064135
1 0.6015100671140939 0.6235154394299288 0.11241610738255034 0.38954869358669836
1 0.7298657718120806 0.6247030878859858 0.1174496644295302 0.38717339667458434
1 0.8598993288590604 0.6247030878859858 0.11912751677852348 0.3919239904988124
1 0.1459731543624161 0.8889548693586699 0.040268456375838924 0.04156769596199525
1 0.20385906040268456 0.8919239904988124 0.04194630872483222 0.04275534441805226
1 0.2575503355704698 0.8931116389548694 0.03523489932885906 0.04275534441805226
1 0.3145973154362416 0.8907363420427554 0.04194630872483222 0.040380047505938245
1 0.3657718120805369 0.8942992874109265 0.026845637583892617 0.04750593824228029
1 0.4228187919463087 0.8925178147268409 0.04697986577181208 0.03444180522565321
1 0.47818791946308725 0.8901425178147269 0.04697986577181208 0.04631828978622328
1 0.5318791946308725 0.8907363420427554 0.0436241610738255 0.045130641330166275
1 0.5855704697986577 0.8913301662707839 0.0436241610738255 0.043942992874109264
1 0.636744966442953 0.8925178147268409 0.03859060402684564 0.043942992874109264
1 0.6929530201342282 0.8895486935866984 0.0436241610738255 0.03800475059382423
1 0.74748322147651 0.8877672209026128 0.03859060402684564 0.04156769596199525
1 0.802013422818792 0.8889548693586699 0.03691275167785235 0.039192399049881234
1 0.8624161073825504 0.8853919239904988 0.04697986577181208 0.036817102137767226
