0 0.06373937677053824 0.501919385796545 0.0906515580736544 0.946257197696737
0 0.1791784702549575 0.5028790786948176 0.08356940509915015 0.9481765834932822
0 0.26274787535410765 0.5028790786948176 0.07507082152974505 0.9481765834932822
0 0.34773371104815864 0.5 0.07507082152974505 0.9424184261036468
0 0.47237960339943347 0.5009596928982726 0.07507082152974505 0.9558541266794626
0 0.5545325779036827 0.4952015355086372 0.07507082152974505 0.944337811900192
0 0.6381019830028329 0.4952015355086372 0.07507082152974505 0.944337811900192
0 0.764872521246459 0.4971209213051823 0.07932011331444759 0.9366602687140115
0 0.8456090651558074 0.4971209213051823 0.0708215297450425 0.9366602687140115
0 0.9263456090651558 0.4980806142034549 0.07932011331444759 0.9385796545105566
