0 0.06557377049180328 0.49834983498349833 0.117096018735363 0.9636963696369637
0 0.1885245901639344 0.49504950495049505 0.1053864168618267 0.9702970297029703
0 0.29508196721311475 0.49339933993399343 0.09836065573770492 0.966996699669967
0 0.3981264637002342 0.49504950495049505 0.09836065573770492 0.9702970297029703
0 0.49882903981264637 0.5 0.07962529274004684 0.9735973597359736
0 0.594847775175644 0.49834983498349833 0.07962529274004684 0.9636963696369637
0 0.680327868852459 0.49504950495049505 0.06791569086651054 0.9702970297029703
0 0.7622950819672131 0.49504950495049505 0.06791569086651054 0.9702970297029703
0 0.8489461358313818 0.5016501650165016 0.06791569086651054 0.9702970297029703
0 0.9414519906323185 0.49834983498349833 0.08430913348946135 0.976897689768977
