0 0.4899328859060403 0.24406175771971497 0.761744966442953 0.11282660332541568
0 0.4907718120805369 0.5985748218527316 0.7600671140939597 0.16152019002375298
1 0.125 0.24287410926365796 0.031879194630872486 0.11282660332541568
1 0.3296979865771812 0.24406175771971497 0.3573825503355705 0.11045130641330167
1 0.6023489932885906 0.24406175771971497 0.1610738255033557 0.10807600950118765
1 0.7793624161073825 0.2458432304038005 0.16275167785234898 0.11163895486935868
1 0.15016778523489932 0.5991686460807601 0.06543624161073826 0.16033254156769597
1 0.30201342281879195 0.5961995249406176 0.21140939597315436 0.15439429928741094
1 0.4714765100671141 0.5973871733966746 0.1040268456375839 0.16152019002375298
1 0.6124161073825504 0.5985748218527316 0.1476510067114094 0.15676959619952494
1 0.7827181208053691 0.6003562945368172 0.16275167785234898 0.15795724465558195
