0 0.4983221476510067 0.336104513064133 0.8087248322147651 0.38717339667458434
0 0.5016778523489933 0.6763657957244655 0.8154362416107382 0.08907363420427554
1 0.23573825503355705 0.334916864608076 0.28691275167785235 0.38717339667458434
1 0.45385906040268453 0.3414489311163896 0.12248322147651007 0.39073634204275537
1 0.5813758389261745 0.33669833729216153 0.10570469798657718 0.3859857482185273
1 0.7046979865771812 0.33847980997624705 0.12416107382550336 0.3824228028503563
1 0.8355704697986577 0.33788598574821854 0.1174496644295302 0.38836104513064135
1 0.16191275167785235 0.6769596199524941 0.12583892617449663 0.08551068883610452
1 0.28942953020134227 0.6781472684085511 0.10570469798657718 0.08551068883610452
1 0.40687919463087246 0.6775534441805225 0.10906040268456375 0.08432304038004751
1 0.5310402684563759 0.6769596199524941 0.11241610738255034 0.08551068883610452
1 0.6728187919463087 0.6799287410926366 0.14093959731543623 0.08907363420427554
1 0.8263422818791946 0.6793349168646081 0.14261744966442952 0.08551068883610452
