0 0.4843137254901961 0.4483333333333333 0.8509803921568627 0.6645454545454546
1 0.13 0.44742424242424245 0.13215686274509802 0.6627272727272727
1 0.28490196078431373 0.44727272727272727 0.09137254901960784 0.6606060606060606
1 0.382156862745098 0.4493939393939394 0.0796078431372549 0.6648484848484848
1 0.4880392156862745 0.4483333333333333 0.06941176470588235 0.6627272727272727
1 0.5227450980392156 0.7796969696969697 0.0 0.0
1 0.5880392156862745 0.44742424242424245 0.06 0.6627272727272727
1 0.6815686274509803 0.44742424242424245 0.07215686274509804 0.6627272727272727
1 0.7770588235294117 0.44696969696969696 0.07176470588235294 0.6636363636363637
1 0.8768627450980392 0.4483333333333333 0.06274509803921569 0.6645454545454546
