0 0.056782334384858045 0.5162337662337663 0.0694006309148265 0.9415584415584416
0 0.13485804416403785 0.5227272727272727 0.07097791798107256 0.9415584415584416
0 0.21529968454258674 0.5211038961038962 0.07097791798107256 0.9383116883116883
0 0.2973186119873817 0.5162337662337663 0.07097791798107256 0.9350649350649352
0 0.39037854889589907 0.5146103896103896 0.0804416403785489 0.9318181818181819
0 0.4802839116719243 0.5243506493506493 0.07097791798107256 0.9383116883116883
0 0.5764984227129337 0.5227272727272727 0.07097791798107256 0.9350649350649352
0 0.6616719242902208 0.5162337662337663 0.07097791798107256 0.9545454545454546
0 0.7405362776025236 0.512987012987013 0.07097791798107256 0.9480519480519481
0 0.8241324921135647 0.5146103896103896 0.07097791798107256 0.9448051948051949
0 0.9132492113564669 0.5162337662337663 0.07886435331230283 0.9480519480519481
