0 0.5098039215686274 0.2255366161616162 0.9354575163398693 0.1840277777777778
0 0.5077614379084967 0.49652777777777785 0.928921568627451 0.3156565656565657
1 0.12316176470588236 0.228219696969697 0.15645424836601307 0.1811868686868687
1 0.4675245098039216 0.2261679292929293 0.10498366013071896 0.17897727272727273
1 0.5874183006535948 0.22774621212121213 0.11846405228758171 0.17582070707070707
1 0.8051470588235294 0.22758838383838387 0.10212418300653595 0.17992424242424243
1 0.9183006535947713 0.22506313131313133 0.11029411764705882 0.1767676767676768
1 0.06127450980392157 0.4728535353535354 0.024509803921568627 0.26641414141414144
1 0.1433823529411765 0.47238005050505055 0.12663398692810457 0.2629419191919192
1 0.2559232026143791 0.4733270202020202 0.07883986928104575 0.2629419191919192
1 0.33700980392156865 0.4733270202020202 0.06127450980392157 0.2629419191919192
1 0.39419934640522875 0.4738005050505051 0.03676470588235294 0.2619949494949495
1 0.46568627450980393 0.4728535353535354 0.08169934640522876 0.2601010101010101
1 0.556781045751634 0.47238005050505055 0.08169934640522876 0.26104797979797983
1 0.6405228758169935 0.4728535353535354 0.06699346405228758 0.2601010101010101
1 0.7214052287581699 0.47601010101010105 0.07352941176470588 0.26641414141414144
1 0.8094362745098039 0.47080176767676774 0.09109477124183007 0.25978535353535354
1 0.9142156862745099 0.4717487373737374 0.10212418300653595 0.25978535353535354
1 0.46691176470588236 0.6302083333333334 0.07352941176470588 0.04640151515151516
1 0.5533088235294118 0.6322601010101011 0.09109477124183007 0.0441919191919192
1 0.6405228758169935 0.6317866161616162 0.058823529411764705 0.043244949494949496
1 0.7207924836601307 0.6279987373737375 0.08292483660130719 0.04198232323232324
1 0.8141339869281046 0.6306818181818182 0.08415032679738563 0.042929292929292935
