0 0.04269005847953217 0.5 0.0783625730994152 0.9424460431654677
0 0.11812865497076024 0.4928057553956835 0.058479532163742694 0.9424460431654677
0 0.17660818713450294 0.4928057553956835 0.04678362573099415 0.9424460431654677
0 0.22748538011695907 0.49640287769784175 0.047953216374269005 0.9496402877697843
0 0.28128654970760236 0.49640287769784175 0.047953216374269005 0.9496402877697843
0 0.34502923976608185 0.4892086330935252 0.058479532163742694 0.9352517985611511
0 0.4046783625730994 0.4928057553956835 0.04912280701754386 0.9424460431654677
0 0.4578947368421053 0.4928057553956835 0.0456140350877193 0.9424460431654677
0 0.5116959064327485 0.5035971223021583 0.0456140350877193 0.9640287769784173
0 0.5719298245614035 0.5 0.058479532163742694 0.9568345323741008
0 0.6292397660818714 0.49640287769784175 0.044444444444444446 0.9496402877697843
0 0.6830409356725147 0.4928057553956835 0.05146198830409357 0.9424460431654677
0 0.7368421052631579 0.49640287769784175 0.04678362573099415 0.9496402877697843
0 0.7976608187134503 0.49640287769784175 0.0608187134502924 0.920863309352518
0 0.8567251461988304 0.5107913669064749 0.050292397660818715 0.9496402877697843
0 0.9093567251461988 0.5071942446043166 0.04327485380116959 0.9424460431654677
0 0.9660818713450292 0.5 0.0608187134502924 0.9280575539568345
