0 0.5293624161073825 0.24109263657957244 0.796979865771812 0.3800475059382423
0 0.5268456375838926 0.6828978622327792 0.7953020134228188 0.4323040380047506
1 0.16526845637583892 0.24049881235154397 0.05536912751677852 0.3764845605700713
1 0.2558724832214765 0.24049881235154397 0.10906040268456375 0.3812351543942993
1 0.5243288590604027 0.24168646080760095 0.401006711409396 0.3764845605700713
1 0.7743288590604027 0.24168646080760095 0.0721476510067114 0.3764845605700713
1 0.8699664429530202 0.24109263657957244 0.09563758389261745 0.3752969121140143
1 0.16526845637583892 0.6840855106888362 0.05536912751677852 0.4275534441805226
1 0.2558724832214765 0.6811163895486936 0.10570469798657718 0.4287410926365796
1 0.5218120805369127 0.6817102137767221 0.4093959731543624 0.4323040380047506
1 0.7743288590604027 0.6828978622327792 0.06879194630872483 0.4323040380047506
1 0.8682885906040269 0.6823040380047506 0.09899328859060402 0.4311163895486936
