0 0.41778523489932884 0.5207838479809976 0.4664429530201342 0.07244655581947744
0 0.42197986577181207 0.4085510688836105 0.4714765100671141 0.03800475059382423
1 0.2827181208053691 0.409144893111639 0.18624161073825504 0.03444180522565321
1 0.42533557046979864 0.40736342042755347 0.08557046979865772 0.028503562945368172
1 0.5201342281879194 0.4097387173396675 0.08053691275167785 0.026128266033254157
1 0.6124161073825504 0.407957244655582 0.087248322147651 0.02969121140142518
1 0.2785234899328859 0.5207838479809976 0.16778523489932887 0.07244655581947744
1 0.41778523489932884 0.5184085510688836 0.087248322147651 0.07244655581947744
1 0.5067114093959731 0.5190023752969122 0.0738255033557047 0.0665083135391924
1 0.6015100671140939 0.5201900237529692 0.08557046979865772 0.07125890736342043
