0 0.06593406593406594 0.5736434108527132 0.12307692307692308 0.8837209302325582
0 0.1912087912087912 0.5658914728682171 0.07912087912087912 0.8527131782945736
0 0.289010989010989 0.5658914728682171 0.08571428571428572 0.8837209302325582
0 0.3901098901098901 0.5581395348837209 0.09010989010989011 0.8682170542635659
0 0.48021978021978023 0.5697674418604651 0.07252747252747253 0.8914728682170543
0 0.5736263736263736 0.5581395348837209 0.08351648351648351 0.8372093023255813
0 0.6692307692307692 0.562015503875969 0.07692307692307693 0.8449612403100775
0 0.7615384615384615 0.562015503875969 0.08131868131868132 0.8604651162790697
0 0.8571428571428571 0.5542635658914729 0.07912087912087912 0.8914728682170543
0 0.9560439560439561 0.5658914728682171 0.08351648351648351 0.8682170542635659
