0 0.511744966442953 0.23752969121140144 0.8791946308724832 0.2137767220902613
0 0.5109060402684563 0.5344418052256532 0.8808724832214765 0.21140142517814728
0 0.4907718120805369 0.8224465558194775 0.8137583892617449 0.19121140142517815
1 0.11409395973154363 0.23634204275534443 0.07046979865771812 0.2137767220902613
1 0.43875838926174493 0.23574821852731592 0.5553691275167785 0.2125890736342043
1 0.7676174496644295 0.23693586698337293 0.06879194630872483 0.2149643705463183
1 0.8775167785234899 0.23634204275534443 0.12080536912751677 0.21140142517814728
1 0.11325503355704698 0.5344418052256532 0.0721476510067114 0.21140142517814728
1 0.4395973154362416 0.5338479809976248 0.5536912751677853 0.21021377672209027
1 0.7659395973154363 0.5326603325415677 0.06879194630872483 0.2125890736342043
1 0.8808724832214765 0.5350356294536818 0.13087248322147652 0.2125890736342043
1 0.12416107382550336 0.8224465558194775 0.0738255033557047 0.19121140142517815
1 0.5318791946308725 0.821852731591449 0.7114093959731543 0.19002375296912116
