0 0.5 0.3847980997624703 0.7583892617449665 0.22090261282660334
0 0.5041946308724832 0.8260095011876485 0.7600671140939597 0.09144893111638955
1 0.1669463087248322 0.8236342042755345 0.08221476510067113 0.09144893111638955
1 0.26174496644295303 0.8248218527315915 0.07718120805369127 0.08907363420427554
1 0.3657718120805369 0.8248218527315915 0.10738255033557047 0.08669833729216152
1 0.4664429530201342 0.826603325415677 0.07046979865771812 0.08551068883610452
1 0.5536912751677853 0.826603325415677 0.07718120805369127 0.08076009501187649
1 0.6384228187919463 0.8283847980997625 0.07885906040268456 0.08907363420427554
1 0.7382550335570469 0.8271971496437055 0.09395973154362416 0.0819477434679335
1 0.8338926174496644 0.8236342042755345 0.0738255033557047 0.0819477434679335
1 0.17869127516778524 0.3853919239904988 0.10906040268456375 0.20783847980997625
1 0.3464765100671141 0.3859857482185273 0.19630872483221476 0.20902612826603326
1 0.47818791946308725 0.40320665083135393 0.03355704697986577 0.17458432304038005
1 0.5343959731543624 0.3990498812351544 0.03859060402684564 0.17102137767220904
1 0.5855704697986577 0.4020190023752969 0.03355704697986577 0.16983372921615203
1 0.636744966442953 0.40380047505938244 0.04194630872483222 0.17339667458432304
1 0.6929530201342282 0.40320665083135393 0.040268456375838924 0.17220902612826605
1 0.7466442953020134 0.40439429928741094 0.03355704697986577 0.16983372921615203
1 0.7734899328859061 0.3194774346793349 0.0 0.0
1 0.7734899328859061 0.3194774346793349 0.0 0.0
1 0.8523489932885906 0.40558194774346795 0.03355704697986577 0.16983372921615203
1 0.796979865771812 0.40320665083135393 0.040268456375838924 0.17220902612826605
