0 0.49278438030560273 0.6479640910548253 0.9210526315789473 0.11221545367104842
0 0.4893887945670628 0.7896761782622636 0.9252971137521222 0.0852837447899968
0 0.48811544991511036 0.8842577749278615 0.9252971137521222 0.07566527733247835
1 0.15895585738539897 0.6486053222186599 0.2559422750424448 0.11093299134337929
1 0.4724108658743633 0.6474831676819494 0.11290322580645161 0.11125360692529657
1 0.5969864176570459 0.6474831676819494 0.07088285229202038 0.11125360692529657
1 0.6982173174872666 0.6470022443090734 0.10611205432937182 0.11029176017954473
1 0.8049660441426146 0.647643475472908 0.0734295415959253 0.1090092978518756
1 0.9011035653650254 0.6474831676819494 0.09932088285229201 0.11125360692529657
1 0.060696095076400676 0.7901571016351395 0.06536502546689303 0.08239820455274126
1 0.14134125636672326 0.7896761782622636 0.07385398981324279 0.08143635780698942
1 0.22686757215619693 0.7903174094260981 0.07512733446519525 0.08656620711766592
1 0.3068760611205433 0.7896761782622636 0.06196943972835314 0.0852837447899968
1 0.3881578947368421 0.7880731003526772 0.07767402376910017 0.08207758897082398
1 0.4702886247877759 0.7896761782622636 0.06621392190152801 0.0852837447899968
1 0.5515704584040747 0.7880731003526772 0.06239388794567063 0.08464251362616224
1 0.6457979626485568 0.7880731003526772 0.09210526315789473 0.08464251362616224
1 0.7476655348047538 0.7864700224430907 0.07767402376910017 0.08336005129849311
1 0.8365874363327674 0.7896761782622636 0.055178268251273345 0.0852837447899968
1 0.9123514431239389 0.7887143315165117 0.07937181663837012 0.08336005129849311
1 0.13348896434634974 0.8707919204873357 0.21095076400679116 0.051298493106764986
1 0.3817911714770798 0.8709522282782943 0.13285229202037352 0.04905418403334402
1 0.6585314091680815 0.8725553061878808 0.16850594227504245 0.05226033985251683
1 0.8926146010186757 0.8826546970182751 0.11290322580645161 0.07245912151330555
