0 0.5461409395973155 0.407957244655582 0.8305369127516778 0.5332541567695962
0 0.5436241610738255 0.820665083135392 0.825503355704698 0.18527315914489312
1 0.212248322147651 0.4097387173396675 0.1493288590604027 0.5344418052256532
1 0.412751677852349 0.40736342042755347 0.22147651006711408 0.5320665083135392
1 0.7516778523489933 0.407957244655582 0.4093959731543624 0.5308788598574822
1 0.23909395973154363 0.8557007125890737 0.19630872483221476 0.11282660332541568
1 0.44043624161073824 0.8545130641330166 0.17281879194630873 0.1152019002375297
1 0.5956375838926175 0.8557007125890737 0.10067114093959731 0.11757719714964371
1 0.7390939597315436 0.8551068883610452 0.15268456375838926 0.11401425178147269
1 0.8909395973154363 0.8562945368171022 0.1174496644295302 0.1163895486935867
