0 0.5109060402684563 0.26247030878859856 0.7399328859060402 0.12589073634204276
0 0.5100671140939598 0.3830166270783848 0.7348993288590604 0.10570071258907364
0 0.5151006711409396 0.504750593824228 0.7348993288590604 0.12589073634204276
0 0.5125838926174496 0.6490498812351544 0.7365771812080537 0.1508313539192399
0 0.5125838926174496 0.7767220902612827 0.7365771812080537 0.08788598574821853
1 0.20553691275167785 0.2583135391923991 0.12583892617449663 0.11757719714964371
1 0.5788590604026845 0.26187648456057006 0.6040268456375839 0.12232779097387174
1 0.4446308724832215 0.2862232779097387 0.3221476510067114 0.0665083135391924
1 0.7449664429530202 0.28919239904988125 0.25838926174496646 0.0653206650831354
1 0.20218120805369127 0.38717339667458434 0.1023489932885906 0.09501187648456058
1 0.5645973154362416 0.38836104513064135 0.6191275167785235 0.0997624703087886
1 0.4303691275167785 0.3966745843230404 0.3338926174496644 0.06888361045130642
1 0.7432885906040269 0.3966745843230404 0.2550335570469799 0.07363420427553445
1 0.19966442953020133 0.5065320665083136 0.11409395973154363 0.12707838479809977
1 0.5771812080536912 0.505938242280285 0.610738255033557 0.11163895486935868
1 0.43791946308724833 0.504750593824228 0.33557046979865773 0.07125890736342043
1 0.7491610738255033 0.5077197149643705 0.25671140939597314 0.07244655581947744
1 0.20385906040268456 0.6526128266033254 0.10906040268456375 0.14370546318289787
1 0.5687919463087249 0.65083135391924 0.5973154362416108 0.14251781472684086
1 0.44546979865771813 0.7024940617577198 0.32046979865771813 0.039192399049881234
1 0.7458053691275167 0.7036817102137768 0.22986577181208054 0.02969121140142518
1 0.20973154362416108 0.7785035629453682 0.10067114093959731 0.0819477434679335
1 0.5771812080536912 0.7796912114014252 0.6241610738255033 0.07957244655581948
1 0.4395973154362416 0.7897862232779098 0.3422818791946309 0.057007125890736345
1 0.75 0.7868171021377672 0.2483221476510067 0.05581947743467934
