0 0.41344537815126053 0.2137767220902613 0.5445378151260505 0.11401425178147269
0 0.41344537815126053 0.504750593824228 0.5445378151260505 0.23752969121140144
1 0.18319327731092439 0.2143705463182898 0.07058823529411765 0.1152019002375297
1 0.30000000000000004 0.21199524940617578 0.13613445378151262 0.1152019002375297
1 0.4142857142857143 0.2143705463182898 0.05882352941176471 0.11757719714964371
1 0.49075630252100844 0.2155581947743468 0.0638655462184874 0.1152019002375297
1 0.5680672268907563 0.2143705463182898 0.0638655462184874 0.11282660332541568
1 0.6470588235294118 0.2143705463182898 0.06722689075630253 0.1152019002375297
1 0.18067226890756305 0.5190023752969122 0.06890756302521009 0.2137767220902613
1 0.30000000000000004 0.5160332541567696 0.14285714285714288 0.2125890736342043
1 0.4142857142857143 0.5041567695961996 0.055462184873949584 0.23871733966745845
1 0.4882352941176471 0.505938242280285 0.06218487394957983 0.23752969121140144
1 0.5672268907563025 0.504750593824228 0.06218487394957983 0.23752969121140144
1 0.646218487394958 0.505938242280285 0.06890756302521009 0.23752969121140144
