0 0.05363528009535161 0.48917748917748916 0.09773539928486293 0.9264069264069265
0 0.14541120381406436 0.487012987012987 0.07389749702026222 0.922077922077922
0 0.22288438617401668 0.487012987012987 0.066746126340882 0.9393939393939394
0 0.30154946364719903 0.48268398268398266 0.066746126340882 0.9393939393939394
0 0.37902264600715135 0.487012987012987 0.066746126340882 0.9393939393939394
0 0.467222884386174 0.49567099567099565 0.0834326579261025 0.9307359307359307
0 0.5625744934445769 0.487012987012987 0.0834326579261025 0.9307359307359307
0 0.6531585220500595 0.5 0.0834326579261025 0.9307359307359307
0 0.7449344457687723 0.49567099567099565 0.0834326579261025 0.9307359307359307
0 0.837902264600715 0.49134199134199136 0.0834326579261025 0.9307359307359307
0 0.936829558998808 0.49567099567099565 0.100119189511323 0.948051948051948
