0 0.4907718120805369 0.3171021377672209 0.7432885906040269 0.1306413301662708
0 0.5209731543624161 0.833729216152019 0.8003355704697986 0.10688836104513065
1 0.2600671140939597 0.3176959619952494 0.2684563758389262 0.13182897862232779
1 0.45385906040268453 0.3188836104513064 0.09563758389261745 0.1294536817102138
1 0.5662751677852349 0.3182897862232779 0.09899328859060402 0.1330166270783848
1 0.6753355704697986 0.3176959619952494 0.09899328859060402 0.13182897862232779
1 0.796979865771812 0.3188836104513064 0.1174496644295302 0.12707838479809977
1 0.27181208053691275 0.832541567695962 0.2885906040268456 0.0997624703087886
1 0.5419463087248322 0.8343230403800476 0.22147651006711408 0.10807600950118765
1 0.7885906040268457 0.834916864608076 0.24161073825503354 0.10451306413301663
