0 0.05141129032258064 0.5 0.0907258064516129 0.9120879120879122
0 0.15221774193548387 0.5 0.09475806451612903 0.9120879120879122
0 0.2570564516129032 0.48901098901098905 0.09475806451612903 0.9120879120879122
0 0.3598790322580645 0.48901098901098905 0.09475806451612903 0.9120879120879122
0 0.46068548387096775 0.5 0.09475806451612903 0.9120879120879122
0 0.5524193548387096 0.5 0.08064516129032258 0.9120879120879122
0 0.6391129032258064 0.5 0.08064516129032258 0.9120879120879122
0 0.7459677419354839 0.5 0.08064516129032258 0.9120879120879122
0 0.844758064516129 0.4835164835164836 0.08064516129032258 0.9010989010989011
0 0.9435483870967741 0.5 0.08064516129032258 0.9120879120879122
