0 0.3825503355704698 0.13717339667458434 0.48657718120805366 0.14133016627078385
0 0.4035234899328859 0.3182897862232779 0.5285234899328859 0.12589073634204276
0 0.40268456375838924 0.4578384798099763 0.5302013422818792 0.12470308788598575
0 0.40268456375838924 0.5878859857482186 0.5302013422818792 0.10688836104513065
0 0.40184563758389263 0.7458432304038005 0.5285234899328859 0.17814726840855108
0 0.40184563758389263 0.8842042755344418 0.5285234899328859 0.07244655581947744
1 0.17030201342281878 0.13657957244655583 0.04865771812080537 0.14251781472684086
1 0.2978187919463087 0.13717339667458434 0.17953020134228187 0.13895486935866985
1 0.4546979865771812 0.13776722090261284 0.10738255033557047 0.14014251781472684
1 0.5713087248322147 0.13717339667458434 0.09563758389261745 0.13895486935866985
1 0.174496644295302 0.3165083135391924 0.05704697986577181 0.12470308788598575
1 0.313758389261745 0.3176959619952494 0.1912751677852349 0.12470308788598575
1 0.4756711409395973 0.3171021377672209 0.1023489932885906 0.12351543942992875
1 0.6015100671140939 0.3182897862232779 0.11577181208053691 0.12826603325415678
1 0.174496644295302 0.4578384798099763 0.060402684563758385 0.12707838479809977
1 0.313758389261745 0.4578384798099763 0.18791946308724833 0.12470308788598575
1 0.4748322147651007 0.4578384798099763 0.10738255033557047 0.12707838479809977
1 0.5998322147651006 0.4584323040380048 0.11577181208053691 0.12589073634204276
1 0.17365771812080535 0.5878859857482186 0.0587248322147651 0.10688836104513065
1 0.313758389261745 0.58729216152019 0.18791946308724833 0.10570071258907364
1 0.4748322147651007 0.588479809976247 0.1040268456375839 0.10570071258907364
1 0.6006711409395973 0.58729216152019 0.1174496644295302 0.10807600950118765
1 0.174496644295302 0.745249406175772 0.060402684563758385 0.17695961995249407
1 0.31291946308724833 0.745249406175772 0.18624161073825504 0.17458432304038005
1 0.473993288590604 0.746437054631829 0.10570469798657718 0.1793349168646081
1 0.598993288590604 0.7458432304038005 0.1174496644295302 0.17814726840855108
1 0.174496644295302 0.8842042755344418 0.060402684563758385 0.07244655581947744
1 0.31208053691275167 0.8842042755344418 0.18791946308724833 0.07244655581947744
1 0.4748322147651007 0.8847980997624704 0.1040268456375839 0.07125890736342043
1 0.5998322147651006 0.8847980997624704 0.11577181208053691 0.07125890736342043
